code,symbol,name,market,asset_type,date,open,high,low,close,preclose,volume,amount,pct_chg,turnover,trade_status,is_st,adjust,provider,source_function
002233,SZSE.002233,,SZ,A股-深交所,2020-08-24,15.99,16.21,15.86,15.98,15.89,19276487,308413209.87,0.5664,1.6589,1,0,none,baostock,query_history_k_data_plus
002233,SZSE.002233,,SZ,A股-深交所,2020-08-25,16.01,16.25,15.87,15.92,15.98,19516983,312754996.55,-0.3755,1.6796,1,0,none,baostock,query_history_k_data_plus
002233,SZSE.002233,,SZ,A股-深交所,2020-08-26,15.93,16.03,15.47,15.55,15.92,28513097,447260975.86,-2.3241,2.4537,1,0,none,baostock,query_history_k_data_plus
002233,SZSE.002233,,SZ,A股-深交所,2020-08-27,15.7,15.95,15.49,15.57,15.55,16566948,258664449.97,0.1286,1.4257,1,0,none,baostock,query_history_k_data_plus
002233,SZSE.002233,,SZ,A股-深交所,2020-08-28,15.66,15.85,15.42,15.83,15.57,20403907,320419751.52,1.6699,1.7559,1,0,none,baostock,query_history_k_data_plus
002233,SZSE.002233,,SZ,A股-深交所,2020-08-31,15.9,16.09,15.77,15.77,15.83,25346759,404049224.39,-0.379,2.1813,1,0,none,baostock,query_history_k_data_plus
002233,SZSE.002233,,SZ,A股-深交所,2020-09-01,15.78,15.8,15.44,15.62,15.77,20061080,312618383.99,-0.9512,1.7264,1,0,none,baostock,query_history_k_data_plus
002233,SZSE.002233,,SZ,A股-深交所,2020-09-02,15.62,15.64,15.25,15.34,15.62,22087736,340107285.66,-1.7926,1.9008,1,0,none,baostock,query_history_k_data_plus
002233,SZSE.002233,,SZ,A股-深交所,2020-09-03,15.35,15.53,14.97,15.1,15.34,21299889,324060045.56,-1.5645,1.833,1,0,none,baostock,query_history_k_data_plus
002233,SZSE.002233,,SZ,A股-深交所,2020-09-04,14.93,15.29,14.9,15.28,15.1,14697728,222415903.87,1.1921,1.2648,1,0,none,baostock,query_history_k_data_plus
002233,SZSE.002233,,SZ,A股-深交所,2020-09-07,15.3,15.38,14.81,14.82,15.28,17653756,265936948.44,-3.0105,1.5192,1,0,none,baostock,query_history_k_data_plus
002233,SZSE.002233,,SZ,A股-深交所,2020-09-08,14.85,14.94,14.58,14.89,14.82,18907459,279083984.77,0.4723,1.6271,1,0,none,baostock,query_history_k_data_plus
002233,SZSE.002233,,SZ,A股-深交所,2020-09-09,14.7,14.79,14.5,14.53,14.89,19055149,278548379.24,-2.4177,1.6398,1,0,none,baostock,query_history_k_data_plus
002233,SZSE.002233,,SZ,A股-深交所,2020-09-10,14.67,14.8,14.37,14.44,14.53,16742146,244093837.62,-0.6194,1.4408,1,0,none,baostock,query_history_k_data_plus
002233,SZSE.002233,,SZ,A股-深交所,2020-09-11,14.51,14.72,14.41,14.69,14.44,12663786,184967034.32,1.7313,1.0898,1,0,none,baostock,query_history_k_data_plus
002233,SZSE.002233,,SZ,A股-深交所,2020-09-14,14.84,14.89,14.55,14.77,14.69,13020652,191499638.34,0.5446,1.1205,1,0,none,baostock,query_history_k_data_plus
002233,SZSE.002233,,SZ,A股-深交所,2020-09-15,14.78,14.91,14.62,14.83,14.77,13087942,193368867.35,0.4062,1.1263,1,0,none,baostock,query_history_k_data_plus
002233,SZSE.002233,,SZ,A股-深交所,2020-09-16,14.85,15.04,14.85,14.94,14.83,15929291,238188309.09,0.7417,1.3708,1,0,none,baostock,query_history_k_data_plus
002233,SZSE.002233,,SZ,A股-深交所,2020-09-17,14.91,14.99,14.74,14.88,14.94,13714688,204039431.35,-0.4016,1.1802,1,0,none,baostock,query_history_k_data_plus
002233,SZSE.002233,,SZ,A股-深交所,2020-09-18,14.9,15.35,14.85,15.34,14.88,20427500,309945012.07,3.0914,1.7579,1,0,none,baostock,query_history_k_data_plus
002233,SZSE.002233,,SZ,A股-深交所,2020-09-21,15.36,15.41,14.99,15.02,15.34,19070822,288402080.58,-2.086,1.6412,1,0,none,baostock,query_history_k_data_plus
002233,SZSE.002233,,SZ,A股-深交所,2020-09-22,14.91,15.05,14.72,14.74,15.02,13711331,203931130.95,-1.8642,1.1799,1,0,none,baostock,query_history_k_data_plus
002233,SZSE.002233,,SZ,A股-深交所,2020-09-23,14.82,14.85,14.56,14.63,14.74,11131311,163126557.39,-0.7463,0.9579,1,0,none,baostock,query_history_k_data_plus
002233,SZSE.002233,,SZ,A股-深交所,2020-09-24,14.32,14.32,13.87,13.91,14.31,18785062,263562058.12,-2.7952,1.6166,1,0,none,baostock,query_history_k_data_plus
002233,SZSE.002233,,SZ,A股-深交所,2020-09-25,13.92,14.15,13.92,14.1,13.91,10956492,153932271.98,1.3659,0.9429,1,0,none,baostock,query_history_k_data_plus
002233,SZSE.002233,,SZ,A股-深交所,2020-09-28,14.0,14.09,13.89,13.94,14.1,9980737,139366775.74,-1.1348,0.8589,1,0,none,baostock,query_history_k_data_plus
002233,SZSE.002233,,SZ,A股-深交所,2020-09-29,14.05,14.06,13.84,13.89,13.94,9365443,130509652.06,-0.3587,0.806,1,0,none,baostock,query_history_k_data_plus
002233,SZSE.002233,,SZ,A股-深交所,2020-09-30,13.89,14.05,13.81,13.87,13.89,10205028,142297932.51,-0.144,0.8782,1,0,none,baostock,query_history_k_data_plus
002233,SZSE.002233,,SZ,A股-深交所,2020-10-09,14.06,14.19,13.99,14.06,13.87,13086842,184290009.21,1.3699,1.1262,1,0,none,baostock,query_history_k_data_plus
002233,SZSE.002233,,SZ,A股-深交所,2020-10-12,14.15,14.54,14.12,14.47,14.06,16436078,236239492.63,2.9161,1.4144,1,0,none,baostock,query_history_k_data_plus
002233,SZSE.002233,,SZ,A股-深交所,2020-10-13,14.48,14.63,14.42,14.5,14.47,12275402,178341345.26,0.2073,1.0564,1,0,none,baostock,query_history_k_data_plus
002233,SZSE.002233,,SZ,A股-深交所,2020-10-14,14.55,14.55,14.15,14.21,14.5,12832050,183148759.52,-2.0,1.1043,1,0,none,baostock,query_history_k_data_plus
002233,SZSE.002233,,SZ,A股-深交所,2020-10-15,14.2,14.49,14.18,14.36,14.21,12581402,180492162.65,1.0556,1.0827,1,0,none,baostock,query_history_k_data_plus
002233,SZSE.002233,,SZ,A股-深交所,2020-10-16,14.36,14.44,14.24,14.28,14.36,11763067,168291919.22,-0.5571,1.0123,1,0,none,baostock,query_history_k_data_plus
002233,SZSE.002233,,SZ,A股-深交所,2020-10-19,14.37,14.55,14.18,14.18,14.28,10637074,152478718.79,-0.7003,0.9154,1,0,none,baostock,query_history_k_data_plus
002233,SZSE.002233,,SZ,A股-深交所,2020-10-20,14.15,14.32,14.04,14.29,14.18,10272205,145740171.52,0.7757,0.884,1,0,none,baostock,query_history_k_data_plus
002233,SZSE.002233,,SZ,A股-深交所,2020-10-21,14.25,14.37,14.1,14.21,14.29,9076856,128853491.4,-0.5598,0.7811,1,0,none,baostock,query_history_k_data_plus
002233,SZSE.002233,,SZ,A股-深交所,2020-10-22,14.18,14.18,13.79,13.84,14.21,21713888,301274639.23,-2.6038,1.8686,1,0,none,baostock,query_history_k_data_plus
002233,SZSE.002233,,SZ,A股-深交所,2020-10-23,13.69,13.86,13.35,13.43,13.84,29616082,401881007.14,-2.9624,2.5487,1,0,none,baostock,query_history_k_data_plus
002233,SZSE.002233,,SZ,A股-深交所,2020-10-26,13.33,13.4,13.09,13.39,13.43,12505878,166011011.72,-0.2978,1.0761,1,0,none,baostock,query_history_k_data_plus
002233,SZSE.002233,,SZ,A股-深交所,2020-10-27,13.29,13.59,13.27,13.54,13.39,11688741,157604671.4,1.1202,0.9807,1,0,none,baostock,query_history_k_data_plus
002233,SZSE.002233,,SZ,A股-深交所,2020-10-28,13.53,13.64,13.36,13.53,13.54,10198118,137609455.41,-0.0739,0.8556,1,0,none,baostock,query_history_k_data_plus
002233,SZSE.002233,,SZ,A股-深交所,2020-10-29,13.32,13.65,13.3,13.59,13.53,11810958,160070286.64,0.4435,0.991,1,0,none,baostock,query_history_k_data_plus
002233,SZSE.002233,,SZ,A股-深交所,2020-10-30,13.58,13.62,13.1,13.13,13.59,22105675,294392161.65,-3.3848,1.8547,1,0,none,baostock,query_history_k_data_plus
002233,SZSE.002233,,SZ,A股-深交所,2020-11-02,13.2,13.29,13.0,13.08,13.13,14165127,186199826.8,-0.3808,1.1885,1,0,none,baostock,query_history_k_data_plus
002233,SZSE.002233,,SZ,A股-深交所,2020-11-03,13.16,13.63,13.11,13.54,13.08,19037879,255660208.79,3.5168,1.5973,1,0,none,baostock,query_history_k_data_plus
002233,SZSE.002233,,SZ,A股-深交所,2020-11-04,13.55,13.84,13.48,13.7,13.54,16263654,222901477.72,1.1817,1.3646,1,0,none,baostock,query_history_k_data_plus
002233,SZSE.002233,,SZ,A股-深交所,2020-11-05,13.8,13.94,13.73,13.8,13.7,15742561,217709533.22,0.7299,1.3208,1,0,none,baostock,query_history_k_data_plus
002233,SZSE.002233,,SZ,A股-深交所,2020-11-06,13.82,14.21,13.67,13.93,13.8,17351346,242042500.05,0.942,1.4558,1,0,none,baostock,query_history_k_data_plus
002233,SZSE.002233,,SZ,A股-深交所,2020-11-09,14.05,14.07,13.78,13.93,13.93,22625878,314970723.9,0.0,1.8984,1,0,none,baostock,query_history_k_data_plus
002233,SZSE.002233,,SZ,A股-深交所,2020-11-10,13.93,13.99,13.67,13.7,13.93,15380134,212432783.44,-1.6511,1.2904,1,0,none,baostock,query_history_k_data_plus
002233,SZSE.002233,,SZ,A股-深交所,2020-11-11,13.72,14.24,13.69,14.02,13.7,28690811,403199386.2,2.3358,2.4072,1,0,none,baostock,query_history_k_data_plus
002233,SZSE.002233,,SZ,A股-深交所,2020-11-12,14.05,14.09,13.83,14.0,14.02,17963019,250592660.11,-0.1427,1.5071,1,0,none,baostock,query_history_k_data_plus
002233,SZSE.002233,,SZ,A股-深交所,2020-11-13,13.81,13.81,13.27,13.42,14.0,31194846,419173305.27,-4.1429,2.6173,1,0,none,baostock,query_history_k_data_plus
002233,SZSE.002233,,SZ,A股-深交所,2020-11-16,13.41,14.14,13.26,14.09,13.42,35683160,496211592.79,4.9925,2.9939,1,0,none,baostock,query_history_k_data_plus
002233,SZSE.002233,,SZ,A股-深交所,2020-11-17,14.13,14.21,13.98,14.08,14.09,25084910,353951125.51,-0.071,2.1047,1,0,none,baostock,query_history_k_data_plus
002233,SZSE.002233,,SZ,A股-深交所,2020-11-18,14.1,14.2,13.94,14.01,14.08,17564638,247145311.76,-0.4972,1.4737,1,0,none,baostock,query_history_k_data_plus
002233,SZSE.002233,,SZ,A股-深交所,2020-11-19,13.96,14.06,13.67,13.77,14.01,19762223,272033998.3,-1.7131,1.6581,1,0,none,baostock,query_history_k_data_plus
002233,SZSE.002233,,SZ,A股-深交所,2020-11-20,13.77,13.86,13.59,13.81,13.77,13514028,185467253.01,0.2905,1.1339,1,0,none,baostock,query_history_k_data_plus
002233,SZSE.002233,,SZ,A股-深交所,2020-11-23,13.81,14.37,13.77,14.25,13.81,33763328,477943695.9,3.1861,2.8328,1,0,none,baostock,query_history_k_data_plus
002233,SZSE.002233,,SZ,A股-深交所,2020-11-24,14.27,14.35,14.11,14.12,14.25,17739228,251619802.1,-0.9123,1.4884,1,0,none,baostock,query_history_k_data_plus
002233,SZSE.002233,,SZ,A股-深交所,2020-11-25,14.12,14.2,13.82,13.85,14.12,20621871,288304367.72,-1.9122,1.7302,1,0,none,baostock,query_history_k_data_plus
002233,SZSE.002233,,SZ,A股-深交所,2020-11-26,13.86,13.9,13.65,13.81,13.85,12975796,178563459.83,-0.2888,1.0887,1,0,none,baostock,query_history_k_data_plus
002233,SZSE.002233,,SZ,A股-深交所,2020-11-27,13.84,13.93,13.63,13.81,13.81,12746307,175303462.56,0.0,1.0694,1,0,none,baostock,query_history_k_data_plus
002233,SZSE.002233,,SZ,A股-深交所,2020-11-30,13.81,14.07,13.66,13.68,13.81,20466105,283152268.69,-0.9413,1.7172,1,0,none,baostock,query_history_k_data_plus
002233,SZSE.002233,,SZ,A股-深交所,2020-12-01,13.61,13.87,13.55,13.85,13.68,15756222,216313993.37,1.2427,1.322,1,0,none,baostock,query_history_k_data_plus
002233,SZSE.002233,,SZ,A股-深交所,2020-12-02,13.86,13.93,13.74,13.83,13.85,13636933,188727968.09,-0.1444,1.1442,1,0,none,baostock,query_history_k_data_plus
002233,SZSE.002233,,SZ,A股-深交所,2020-12-03,13.88,13.88,13.63,13.7,13.83,13350819,182863896.72,-0.94,1.1202,1,0,none,baostock,query_history_k_data_plus
002233,SZSE.002233,,SZ,A股-深交所,2020-12-04,13.72,13.74,13.55,13.65,13.7,10381096,141347183.69,-0.365,0.871,1,0,none,baostock,query_history_k_data_plus
002233,SZSE.002233,,SZ,A股-深交所,2020-12-07,13.65,13.65,13.29,13.32,13.65,22074594,295596674.01,-2.4176,1.8521,1,0,none,baostock,query_history_k_data_plus
002233,SZSE.002233,,SZ,A股-深交所,2020-12-08,13.34,13.44,13.28,13.35,13.32,8209120,109546167.28,0.2252,0.6888,1,0,none,baostock,query_history_k_data_plus
002233,SZSE.002233,,SZ,A股-深交所,2020-12-09,13.36,13.39,13.16,13.17,13.35,9923578,131646719.77,-1.3483,0.8326,1,0,none,baostock,query_history_k_data_plus
002233,SZSE.002233,,SZ,A股-深交所,2020-12-10,13.14,13.23,13.09,13.11,13.17,10031205,131913777.53,-0.4556,0.8416,1,0,none,baostock,query_history_k_data_plus
002233,SZSE.002233,,SZ,A股-深交所,2020-12-11,13.12,13.2,12.81,12.88,13.11,15122819,195945579.8,-1.7544,1.2688,1,0,none,baostock,query_history_k_data_plus
002233,SZSE.002233,,SZ,A股-深交所,2020-12-14,12.91,13.1,12.83,13.0,12.88,9991829,129333011.36,0.9317,0.8383,1,0,none,baostock,query_history_k_data_plus
002233,SZSE.002233,,SZ,A股-深交所,2020-12-15,13.02,13.2,12.86,13.02,13.0,9485835,123358031.8,0.1538,0.7959,1,0,none,baostock,query_history_k_data_plus
002233,SZSE.002233,,SZ,A股-深交所,2020-12-16,13.05,13.09,12.82,12.83,13.02,9092710,117224333.43,-1.4593,0.7629,1,0,none,baostock,query_history_k_data_plus
002233,SZSE.002233,,SZ,A股-深交所,2020-12-17,12.85,12.98,12.58,12.98,12.83,13668083,174737146.17,1.1691,1.1468,1,0,none,baostock,query_history_k_data_plus
002233,SZSE.002233,,SZ,A股-深交所,2020-12-18,12.92,13.07,12.81,12.87,12.98,8991569,116057868.47,-0.8475,0.7544,1,0,none,baostock,query_history_k_data_plus
002233,SZSE.002233,,SZ,A股-深交所,2020-12-21,12.87,12.91,12.63,12.72,12.87,13258385,169471183.34,-1.1655,1.1124,1,0,none,baostock,query_history_k_data_plus
002233,SZSE.002233,,SZ,A股-深交所,2020-12-22,12.71,12.73,12.45,12.45,12.72,19336919,243532108.9,-2.1226,1.6224,1,0,none,baostock,query_history_k_data_plus
002233,SZSE.002233,,SZ,A股-深交所,2020-12-23,12.45,12.56,12.41,12.44,12.45,13654214,170354879.37,-0.0803,1.1456,1,0,none,baostock,query_history_k_data_plus
002233,SZSE.002233,,SZ,A股-深交所,2020-12-24,12.46,12.69,12.37,12.6,12.44,11884478,149552743.99,1.2862,0.9971,1,0,none,baostock,query_history_k_data_plus
002233,SZSE.002233,,SZ,A股-深交所,2020-12-25,12.6,12.69,12.54,12.67,12.6,6865800,86882771.34,0.5556,0.5761,1,0,none,baostock,query_history_k_data_plus
002233,SZSE.002233,,SZ,A股-深交所,2020-12-28,12.65,12.67,12.36,12.55,12.67,11506812,144089529.25,-0.9471,0.9654,1,0,none,baostock,query_history_k_data_plus
002233,SZSE.002233,,SZ,A股-深交所,2020-12-29,12.55,12.96,12.5,12.77,12.55,11569610,147360813.31,1.753,0.9707,1,0,none,baostock,query_history_k_data_plus
002233,SZSE.002233,,SZ,A股-深交所,2020-12-30,12.78,12.81,12.6,12.66,12.77,8613499,108993019.38,-0.8614,0.7227,1,0,none,baostock,query_history_k_data_plus
002233,SZSE.002233,,SZ,A股-深交所,2020-12-31,12.66,12.82,12.61,12.74,12.66,8617998,109638964.71,0.6319,0.7231,1,0,none,baostock,query_history_k_data_plus
002233,SZSE.002233,,SZ,A股-深交所,2021-01-04,12.7,12.78,12.59,12.71,12.74,14429775,182966800.63,-0.2355,1.2107,1,0,none,baostock,query_history_k_data_plus
002233,SZSE.002233,,SZ,A股-深交所,2021-01-05,12.65,12.65,12.43,12.6,12.71,18560657,232496411.45,-0.8655,1.5573,1,0,none,baostock,query_history_k_data_plus
002233,SZSE.002233,,SZ,A股-深交所,2021-01-06,12.58,13.17,12.55,13.1,12.6,31983153,413502335.33,3.9683,2.6835,1,0,none,baostock,query_history_k_data_plus
002233,SZSE.002233,,SZ,A股-深交所,2021-01-07,13.01,13.01,12.62,12.73,13.1,23110701,294531342.52,-2.8244,1.939,1,0,none,baostock,query_history_k_data_plus
002233,SZSE.002233,,SZ,A股-深交所,2021-01-08,12.73,12.94,12.69,12.83,12.73,14729456,188950200.89,0.7855,1.2358,1,0,none,baostock,query_history_k_data_plus
002233,SZSE.002233,,SZ,A股-深交所,2021-01-11,12.9,12.95,12.64,12.67,12.83,14566028,185971344.95,-1.2471,1.2221,1,0,none,baostock,query_history_k_data_plus
002233,SZSE.002233,,SZ,A股-深交所,2021-01-12,12.66,12.71,12.55,12.69,12.67,13198432,166562640.32,0.1579,1.1074,1,0,none,baostock,query_history_k_data_plus
002233,SZSE.002233,,SZ,A股-深交所,2021-01-13,12.74,12.89,12.61,12.69,12.69,16653502,211814515.56,0.0,1.3973,1,0,none,baostock,query_history_k_data_plus
002233,SZSE.002233,,SZ,A股-深交所,2021-01-14,12.68,12.87,12.58,12.72,12.69,17654896,225044668.75,0.2364,1.4813,1,0,none,baostock,query_history_k_data_plus
002233,SZSE.002233,,SZ,A股-深交所,2021-01-15,12.68,12.7,12.41,12.48,12.72,19547960,244173890.54,-1.8868,1.6401,1,0,none,baostock,query_history_k_data_plus
002233,SZSE.002233,,SZ,A股-深交所,2021-01-18,12.49,12.53,12.31,12.39,12.48,15259347,189054319.82,-0.7212,1.2803,1,0,none,baostock,query_history_k_data_plus
002233,SZSE.002233,,SZ,A股-深交所,2021-01-19,12.35,12.48,12.26,12.4,12.39,14460240,178387282.7,0.0807,1.2132,1,0,none,baostock,query_history_k_data_plus
002233,SZSE.002233,,SZ,A股-深交所,2021-01-20,12.35,12.4,12.23,12.28,12.4,11753018,144745016.09,-0.9677,0.9861,1,0,none,baostock,query_history_k_data_plus
002233,SZSE.002233,,SZ,A股-深交所,2021-01-21,12.31,12.36,12.25,12.31,12.28,10298087,126808543.1,0.2443,0.864,1,0,none,baostock,query_history_k_data_plus
002233,SZSE.002233,,SZ,A股-深交所,2021-01-22,12.28,12.31,11.94,12.0,12.31,21786863,262511916.0,-2.5183,1.828,1,0,none,baostock,query_history_k_data_plus
002233,SZSE.002233,,SZ,A股-深交所,2021-01-25,11.96,11.96,11.77,11.81,12.0,18741323,221806594.73,-1.5833,1.5724,1,0,none,baostock,query_history_k_data_plus
002233,SZSE.002233,,SZ,A股-深交所,2021-01-26,11.75,11.94,11.7,11.81,11.81,9819298,115963781.74,0.0,0.8239,1,0,none,baostock,query_history_k_data_plus
002233,SZSE.002233,,SZ,A股-深交所,2021-01-27,11.79,11.98,11.79,11.83,11.81,6491521,77057173.83,0.1693,0.5447,1,0,none,baostock,query_history_k_data_plus
002233,SZSE.002233,,SZ,A股-深交所,2021-01-28,11.85,11.85,11.57,11.66,11.83,11282470,131615805.74,-1.437,0.9466,1,0,none,baostock,query_history_k_data_plus
002233,SZSE.002233,,SZ,A股-深交所,2021-01-29,11.7,11.72,11.36,11.39,11.66,11330819,130752453.67,-2.3156,0.9507,1,0,none,baostock,query_history_k_data_plus
002233,SZSE.002233,,SZ,A股-深交所,2021-02-01,11.37,11.54,11.33,11.54,11.39,6805006,77911746.1,1.3169,0.571,1,0,none,baostock,query_history_k_data_plus
002233,SZSE.002233,,SZ,A股-深交所,2021-02-02,11.68,11.87,11.68,11.77,11.54,11187794,131862026.99,1.9931,0.9387,1,0,none,baostock,query_history_k_data_plus
002233,SZSE.002233,,SZ,A股-深交所,2021-02-03,11.7,11.82,11.58,11.77,11.77,6796051,79434993.28,0.0,0.5702,1,0,none,baostock,query_history_k_data_plus
002233,SZSE.002233,,SZ,A股-深交所,2021-02-04,11.67,11.74,11.48,11.57,11.77,9459771,109661401.97,-1.6992,0.7937,1,0,none,baostock,query_history_k_data_plus
002233,SZSE.002233,,SZ,A股-深交所,2021-02-05,11.51,11.72,11.51,11.55,11.57,9607522,111438846.91,-0.1729,0.8061,1,0,none,baostock,query_history_k_data_plus
002233,SZSE.002233,,SZ,A股-深交所,2021-02-08,11.56,11.82,11.52,11.71,11.55,12716781,148923867.97,1.3853,1.067,1,0,none,baostock,query_history_k_data_plus
002233,SZSE.002233,,SZ,A股-深交所,2021-02-09,11.69,11.78,11.58,11.77,11.71,11685440,136687281.15,0.5124,0.9804,1,0,none,baostock,query_history_k_data_plus
002233,SZSE.002233,,SZ,A股-深交所,2021-02-10,11.8,11.88,11.71,11.79,11.77,10218372,120511909.05,0.1699,0.8573,1,0,none,baostock,query_history_k_data_plus
002233,SZSE.002233,,SZ,A股-深交所,2021-02-18,11.9,12.06,11.9,12.0,11.79,12476843,149395451.61,1.7812,1.0468,1,0,none,baostock,query_history_k_data_plus
002233,SZSE.002233,,SZ,A股-深交所,2021-02-19,12.0,12.68,11.92,12.6,12.0,28114838,348862391.41,5.0,2.3589,1,0,none,baostock,query_history_k_data_plus
002233,SZSE.002233,,SZ,A股-深交所,2021-02-22,12.67,13.09,12.65,12.8,12.6,34356083,444387092.65,1.5873,2.8826,1,0,none,baostock,query_history_k_data_plus
002233,SZSE.002233,,SZ,A股-深交所,2021-02-23,12.78,12.96,12.6,12.68,12.8,15212105,194136546.96,-0.9375,1.2763,1,0,none,baostock,query_history_k_data_plus
002233,SZSE.002233,,SZ,A股-深交所,2021-02-24,12.68,12.98,12.66,12.83,12.68,16893409,216963354.9,1.183,1.4174,1,0,none,baostock,query_history_k_data_plus
002233,SZSE.002233,,SZ,A股-深交所,2021-02-25,12.94,13.14,12.73,13.0,12.83,21850170,283568332.46,1.325,1.8333,1,0,none,baostock,query_history_k_data_plus
002233,SZSE.002233,,SZ,A股-深交所,2021-02-26,12.83,12.95,12.5,12.56,13.0,20051595,254044802.71,-3.3846,1.6824,1,0,none,baostock,query_history_k_data_plus
002233,SZSE.002233,,SZ,A股-深交所,2021-03-01,12.35,12.45,12.23,12.44,12.56,24958759,307984958.14,-0.9554,2.0941,1,0,none,baostock,query_history_k_data_plus
002233,SZSE.002233,,SZ,A股-深交所,2021-03-02,12.46,12.68,12.28,12.38,12.44,17151722,213692581.48,-0.4823,1.4391,1,0,none,baostock,query_history_k_data_plus
002233,SZSE.002233,,SZ,A股-深交所,2021-03-03,12.44,12.63,12.36,12.51,12.38,19474984,243127959.34,1.0501,1.634,1,0,none,baostock,query_history_k_data_plus
002233,SZSE.002233,,SZ,A股-深交所,2021-03-04,12.41,12.64,12.4,12.48,12.51,17038296,212922417.54,-0.2398,1.4296,1,0,none,baostock,query_history_k_data_plus
002233,SZSE.002233,,SZ,A股-深交所,2021-03-05,12.43,12.47,12.21,12.33,12.48,13955698,171927847.86,-1.2019,1.1709,1,0,none,baostock,query_history_k_data_plus
002233,SZSE.002233,,SZ,A股-深交所,2021-03-08,12.39,12.48,12.22,12.28,12.33,14489411,178891639.84,-0.4055,1.2157,1,0,none,baostock,query_history_k_data_plus
002233,SZSE.002233,,SZ,A股-深交所,2021-03-09,12.25,12.27,11.84,11.9,12.28,18915995,227070716.33,-3.0945,1.5871,1,0,none,baostock,query_history_k_data_plus
002233,SZSE.002233,,SZ,A股-深交所,2021-03-10,11.98,12.02,11.8,11.82,11.9,8529120,101234254.39,-0.6723,0.7156,1,0,none,baostock,query_history_k_data_plus
002233,SZSE.002233,,SZ,A股-深交所,2021-03-11,11.98,12.4,11.94,12.31,11.82,22555264,275273481.67,4.1455,1.8924,1,0,none,baostock,query_history_k_data_plus
002233,SZSE.002233,,SZ,A股-深交所,2021-03-12,12.36,12.68,12.3,12.57,12.31,27760907,347304386.6,2.1121,2.3292,1,0,none,baostock,query_history_k_data_plus
002233,SZSE.002233,,SZ,A股-深交所,2021-03-15,12.54,12.77,12.47,12.63,12.57,20129926,254202190.91,0.4773,1.689,1,0,none,baostock,query_history_k_data_plus
002233,SZSE.002233,,SZ,A股-深交所,2021-03-16,12.46,12.51,12.25,12.37,12.63,23591048,291310931.33,-2.0586,1.9793,1,0,none,baostock,query_history_k_data_plus
002233,SZSE.002233,,SZ,A股-深交所,2021-03-17,12.35,12.35,12.11,12.19,12.37,15161355,184771448.32,-1.4551,1.2721,1,0,none,baostock,query_history_k_data_plus
002233,SZSE.002233,,SZ,A股-深交所,2021-03-18,12.2,12.38,12.2,12.24,12.19,12928078,158660796.45,0.4102,1.0847,1,0,none,baostock,query_history_k_data_plus
002233,SZSE.002233,,SZ,A股-深交所,2021-03-19,12.24,12.36,12.06,12.09,12.24,18824496,229612379.45,-1.2255,1.5794,1,0,none,baostock,query_history_k_data_plus
002233,SZSE.002233,,SZ,A股-深交所,2021-03-22,12.09,12.23,11.99,12.22,12.09,15329813,186090355.05,1.0753,1.2862,1,0,none,baostock,query_history_k_data_plus
002233,SZSE.002233,,SZ,A股-深交所,2021-03-23,12.29,12.64,12.27,12.35,12.22,25409438,316387596.55,1.0638,2.1319,1,0,none,baostock,query_history_k_data_plus
002233,SZSE.002233,,SZ,A股-深交所,2021-03-24,12.2,12.23,12.03,12.05,12.35,17800292,215032483.75,-2.4291,1.4935,1,0,none,baostock,query_history_k_data_plus
002233,SZSE.002233,,SZ,A股-深交所,2021-03-25,12.0,12.09,11.9,12.02,12.05,11214225,134506527.46,-0.249,0.9409,1,0,none,baostock,query_history_k_data_plus
002233,SZSE.002233,,SZ,A股-深交所,2021-03-26,12.08,12.22,12.04,12.17,12.02,11193577,135700848.4,1.2479,0.9392,1,0,none,baostock,query_history_k_data_plus
002233,SZSE.002233,,SZ,A股-深交所,2021-03-29,12.31,12.52,12.23,12.36,12.17,22623257,280142530.38,1.5612,1.8981,1,0,none,baostock,query_history_k_data_plus
002233,SZSE.002233,,SZ,A股-深交所,2021-03-30,12.38,12.42,12.26,12.37,12.36,12828180,158408252.91,0.0809,1.0763,1,0,none,baostock,query_history_k_data_plus
002233,SZSE.002233,,SZ,A股-深交所,2021-03-31,12.4,12.41,12.25,12.34,12.37,10391659,128047854.84,-0.2425,0.8719,1,0,none,baostock,query_history_k_data_plus
002233,SZSE.002233,,SZ,A股-深交所,2021-04-01,12.46,12.47,12.21,12.34,12.34,11007576,135558187.15,0.0,0.9236,1,0,none,baostock,query_history_k_data_plus
002233,SZSE.002233,,SZ,A股-深交所,2021-04-02,12.29,12.36,12.2,12.22,12.34,10343075,126580209.07,-0.9724,0.8678,1,0,none,baostock,query_history_k_data_plus
002233,SZSE.002233,,SZ,A股-深交所,2021-04-06,12.27,12.31,12.21,12.29,12.22,7744607,95009919.87,0.5728,0.6498,1,0,none,baostock,query_history_k_data_plus
002233,SZSE.002233,,SZ,A股-深交所,2021-04-07,12.26,12.28,12.11,12.28,12.29,10753920,130948672.51,-0.0814,0.9023,1,0,none,baostock,query_history_k_data_plus
002233,SZSE.002233,,SZ,A股-深交所,2021-04-08,12.24,12.32,12.19,12.21,12.28,10088633,123411792.74,-0.57,0.8465,1,0,none,baostock,query_history_k_data_plus
002233,SZSE.002233,,SZ,A股-深交所,2021-04-09,12.21,12.21,12.02,12.08,12.21,11780809,142788359.65,-1.0647,0.9884,1,0,none,baostock,query_history_k_data_plus
002233,SZSE.002233,,SZ,A股-深交所,2021-04-12,12.07,12.16,12.01,12.08,12.08,9813809,118763097.03,0.0,0.8234,1,0,none,baostock,query_history_k_data_plus
002233,SZSE.002233,,SZ,A股-深交所,2021-04-13,12.08,12.15,12.04,12.08,12.08,8396128,101504057.64,0.0,0.7045,1,0,none,baostock,query_history_k_data_plus
002233,SZSE.002233,,SZ,A股-深交所,2021-04-14,12.1,12.15,12.08,12.11,12.08,6855706,83045284.29,0.2483,0.5752,1,0,none,baostock,query_history_k_data_plus
002233,SZSE.002233,,SZ,A股-深交所,2021-04-15,12.14,12.14,11.99,12.12,12.11,7068986,85323431.08,0.0826,0.5931,1,0,none,baostock,query_history_k_data_plus
002233,SZSE.002233,,SZ,A股-深交所,2021-04-16,12.13,12.22,12.1,12.22,12.12,8612396,104911230.01,0.8251,0.7226,1,0,none,baostock,query_history_k_data_plus
002233,SZSE.002233,,SZ,A股-深交所,2021-04-19,12.2,12.28,12.17,12.27,12.22,11220669,137487173.21,0.4092,0.9414,1,0,none,baostock,query_history_k_data_plus
002233,SZSE.002233,,SZ,A股-深交所,2021-04-20,12.2,12.2,12.07,12.09,12.27,14487242,175656746.54,-1.467,1.2155,1,0,none,baostock,query_history_k_data_plus
002233,SZSE.002233,,SZ,A股-深交所,2021-04-21,12.11,12.12,11.97,12.11,12.09,10566192,127267942.22,0.1654,0.8865,1,0,none,baostock,query_history_k_data_plus
002233,SZSE.002233,,SZ,A股-深交所,2021-04-22,12.23,12.27,12.12,12.26,12.11,17900387,218568752.78,1.2386,1.5019,1,0,none,baostock,query_history_k_data_plus
002233,SZSE.002233,,SZ,A股-深交所,2021-04-23,12.23,12.36,12.18,12.35,12.26,17217757,211902697.1,0.7341,1.4446,1,0,none,baostock,query_history_k_data_plus
002233,SZSE.002233,,SZ,A股-深交所,2021-04-26,12.36,12.39,12.24,12.29,12.35,12014710,148028840.71,-0.4858,1.0081,1,0,none,baostock,query_history_k_data_plus
002233,SZSE.002233,,SZ,A股-深交所,2021-04-27,12.28,12.35,12.19,12.28,12.29,12038420,147716737.07,-0.0814,1.0101,1,0,none,baostock,query_history_k_data_plus
002233,SZSE.002233,,SZ,A股-深交所,2021-04-28,11.88,11.88,11.06,11.44,11.85,15874640,182652814.37,-3.4599,1.3319,1,0,none,baostock,query_history_k_data_plus
002233,SZSE.002233,,SZ,A股-深交所,2021-04-29,11.44,11.45,11.3,11.35,11.44,8382171,95131669.13,-0.7867,0.7033,1,0,none,baostock,query_history_k_data_plus
002233,SZSE.002233,,SZ,A股-深交所,2021-04-30,11.36,11.38,11.1,11.19,11.35,11256530,126139396.71,-1.4097,0.9445,1,0,none,baostock,query_history_k_data_plus
002233,SZSE.002233,,SZ,A股-深交所,2021-05-06,11.26,11.34,11.22,11.27,11.19,6409177,72294816.66,0.7149,0.5377,1,0,none,baostock,query_history_k_data_plus
002233,SZSE.002233,,SZ,A股-深交所,2021-05-07,11.26,11.49,11.23,11.4,11.27,9852605,112227944.56,1.1535,0.8267,1,0,none,baostock,query_history_k_data_plus
002233,SZSE.002233,,SZ,A股-深交所,2021-05-10,11.41,11.55,11.32,11.4,11.4,10668933,121789812.25,0.0,0.8951,1,0,none,baostock,query_history_k_data_plus
002233,SZSE.002233,,SZ,A股-深交所,2021-05-11,11.38,11.39,11.16,11.28,11.4,8888122,99987713.15,-1.0526,0.7457,1,0,none,baostock,query_history_k_data_plus
002233,SZSE.002233,,SZ,A股-深交所,2021-05-12,11.22,11.29,11.18,11.26,11.28,7458282,83779257.4,-0.1773,0.6258,1,0,none,baostock,query_history_k_data_plus
002233,SZSE.002233,,SZ,A股-深交所,2021-05-13,11.2,11.25,11.18,11.21,11.26,9827056,110156341.0,-0.444,0.8245,1,0,none,baostock,query_history_k_data_plus
002233,SZSE.002233,,SZ,A股-深交所,2021-05-14,11.24,11.33,11.21,11.32,11.21,10193685,114842346.41,0.9813,0.8553,1,0,none,baostock,query_history_k_data_plus
002233,SZSE.002233,,SZ,A股-深交所,2021-05-17,11.4,11.43,11.31,11.33,11.32,9854815,111993114.11,0.0883,0.8268,1,0,none,baostock,query_history_k_data_plus
002233,SZSE.002233,,SZ,A股-深交所,2021-05-18,11.27,11.37,11.27,11.34,11.33,6651551,75331493.41,0.0883,0.5581,1,0,none,baostock,query_history_k_data_plus
002233,SZSE.002233,,SZ,A股-深交所,2021-05-19,11.32,11.44,11.28,11.36,11.34,6665180,75664285.9,0.1764,0.5592,1,0,none,baostock,query_history_k_data_plus
002233,SZSE.002233,,SZ,A股-深交所,2021-05-20,11.28,11.33,11.2,11.27,11.36,7570793,85237226.75,-0.7923,0.6352,1,0,none,baostock,query_history_k_data_plus
002233,SZSE.002233,,SZ,A股-深交所,2021-05-21,11.27,11.33,11.24,11.27,11.27,6374200,71931388.0,0.0,0.5348,1,0,none,baostock,query_history_k_data_plus
002233,SZSE.002233,,SZ,A股-深交所,2021-05-24,11.3,11.31,11.15,11.2,11.27,6696200,75148109.0,-0.6211,0.5618,1,0,none,baostock,query_history_k_data_plus
002233,SZSE.002233,,SZ,A股-深交所,2021-05-25,11.2,11.33,11.14,11.28,11.2,8005319,90118284.07,0.7143,0.6717,1,0,none,baostock,query_history_k_data_plus
002233,SZSE.002233,,SZ,A股-深交所,2021-05-26,11.33,11.33,11.25,11.3,11.28,8065828,91056265.47,0.1773,0.6767,1,0,none,baostock,query_history_k_data_plus
002233,SZSE.002233,,SZ,A股-深交所,2021-05-27,11.31,11.31,11.25,11.28,11.3,7416556,83610289.06,-0.177,0.6223,1,0,none,baostock,query_history_k_data_plus
002233,SZSE.002233,,SZ,A股-深交所,2021-05-28,11.28,11.29,11.15,11.19,11.28,10165269,113756371.29,-0.7979,0.8529,1,0,none,baostock,query_history_k_data_plus
002233,SZSE.002233,,SZ,A股-深交所,2021-05-31,11.21,11.21,11.06,11.08,11.19,9217732,102268679.42,-0.983,0.7734,1,0,none,baostock,query_history_k_data_plus
002233,SZSE.002233,,SZ,A股-深交所,2021-06-01,11.08,11.1,11.0,11.03,11.08,9996500,110161699.72,-0.4513,0.8387,1,0,none,baostock,query_history_k_data_plus
002233,SZSE.002233,,SZ,A股-深交所,2021-06-02,11.05,11.07,10.98,11.07,11.03,9128221,100549726.92,0.3626,0.7659,1,0,none,baostock,query_history_k_data_plus
002233,SZSE.002233,,SZ,A股-深交所,2021-06-03,11.04,11.08,11.0,11.02,11.07,6486074,71586732.1,-0.4517,0.5442,1,0,none,baostock,query_history_k_data_plus
002233,SZSE.002233,,SZ,A股-深交所,2021-06-04,11.01,11.01,10.92,10.95,11.02,8196120,89827697.66,-0.6352,0.6877,1,0,none,baostock,query_history_k_data_plus
002233,SZSE.002233,,SZ,A股-深交所,2021-06-07,10.92,10.92,10.7,10.73,10.95,12895286,138814958.57,-2.0091,1.0819,1,0,none,baostock,query_history_k_data_plus
002233,SZSE.002233,,SZ,A股-深交所,2021-06-08,10.73,10.79,10.7,10.75,10.73,4670074,50198394.76,0.1864,0.3918,1,0,none,baostock,query_history_k_data_plus
002233,SZSE.002233,,SZ,A股-深交所,2021-06-09,10.77,10.82,10.71,10.8,10.75,6389953,68852512.28,0.4651,0.5361,1,0,none,baostock,query_history_k_data_plus
002233,SZSE.002233,,SZ,A股-深交所,2021-06-10,10.8,10.81,10.72,10.76,10.8,5923700,63733624.91,-0.3704,0.497,1,0,none,baostock,query_history_k_data_plus
002233,SZSE.002233,,SZ,A股-深交所,2021-06-11,10.73,10.77,10.72,10.74,10.76,6078188,65298574.32,-0.1859,0.51,1,0,none,baostock,query_history_k_data_plus
002233,SZSE.002233,,SZ,A股-深交所,2021-06-15,10.74,10.74,10.51,10.54,10.74,9331319,98578509.05,-1.8622,0.7829,1,0,none,baostock,query_history_k_data_plus
002233,SZSE.002233,,SZ,A股-深交所,2021-06-16,10.53,10.55,10.39,10.45,10.54,7342000,76852818.72,-0.8539,0.616,1,0,none,baostock,query_history_k_data_plus
002233,SZSE.002233,,SZ,A股-深交所,2021-06-17,10.68,10.84,10.59,10.61,10.45,13630096,145964031.61,1.5311,1.1436,1,0,none,baostock,query_history_k_data_plus
002233,SZSE.002233,,SZ,A股-深交所,2021-06-18,10.52,10.52,10.34,10.42,10.61,11338507,118051167.74,-1.7908,0.9513,1,0,none,baostock,query_history_k_data_plus
002233,SZSE.002233,,SZ,A股-深交所,2021-06-21,10.36,10.38,10.2,10.21,10.42,9604382,98264869.14,-2.0154,0.8058,1,0,none,baostock,query_history_k_data_plus
002233,SZSE.002233,,SZ,A股-深交所,2021-06-22,10.21,10.28,10.15,10.23,10.21,7480038,76528508.38,0.1959,0.6276,1,0,none,baostock,query_history_k_data_plus
002233,SZSE.002233,,SZ,A股-深交所,2021-06-23,10.23,10.25,10.16,10.22,10.23,6658248,67869937.2,-0.0978,0.5586,1,0,none,baostock,query_history_k_data_plus
002233,SZSE.002233,,SZ,A股-深交所,2021-06-24,10.21,10.25,10.15,10.23,10.22,6448670,65768082.46,0.0978,0.5411,1,0,none,baostock,query_history_k_data_plus
002233,SZSE.002233,,SZ,A股-深交所,2021-06-25,10.24,10.32,10.19,10.3,10.23,7911814,81285839.52,0.6843,0.6638,1,0,none,baostock,query_history_k_data_plus
002233,SZSE.002233,,SZ,A股-深交所,2021-06-28,10.3,10.47,10.3,10.38,10.3,8276597,85851485.11,0.7767,0.6944,1,0,none,baostock,query_history_k_data_plus
002233,SZSE.002233,,SZ,A股-深交所,2021-06-29,10.38,10.38,10.22,10.26,10.38,4755000,48818170.0,-1.1561,0.399,1,0,none,baostock,query_history_k_data_plus
002233,SZSE.002233,,SZ,A股-深交所,2021-06-30,10.23,10.3,10.21,10.28,10.26,3687756,37808554.27,0.1949,0.3094,1,0,none,baostock,query_history_k_data_plus
002233,SZSE.002233,,SZ,A股-深交所,2021-07-01,10.26,10.57,10.23,10.41,10.28,10820803,112679708.38,1.2646,0.9079,1,0,none,baostock,query_history_k_data_plus
002233,SZSE.002233,,SZ,A股-深交所,2021-07-02,10.36,10.38,10.22,10.26,10.41,7133698,73335065.85,-1.4409,0.5985,1,0,none,baostock,query_history_k_data_plus
002233,SZSE.002233,,SZ,A股-深交所,2021-07-05,10.23,10.34,10.2,10.31,10.26,6720051,69182757.67,0.4873,0.5638,1,0,none,baostock,query_history_k_data_plus
002233,SZSE.002233,,SZ,A股-深交所,2021-07-06,10.31,10.45,10.27,10.4,10.31,6710300,69724976.98,0.8729,0.563,1,0,none,baostock,query_history_k_data_plus
002233,SZSE.002233,,SZ,A股-深交所,2021-07-07,10.37,10.49,10.33,10.35,10.4,6963500,72295885.68,-0.4808,0.5843,1,0,none,baostock,query_history_k_data_plus
002233,SZSE.002233,,SZ,A股-深交所,2021-07-08,10.38,10.39,10.22,10.24,10.35,6467520,66327877.45,-1.0628,0.5426,1,0,none,baostock,query_history_k_data_plus
002233,SZSE.002233,,SZ,A股-深交所,2021-07-09,10.21,10.33,10.2,10.25,10.24,4394599,45028938.62,0.0977,0.3687,1,0,none,baostock,query_history_k_data_plus
002233,SZSE.002233,,SZ,A股-深交所,2021-07-12,10.29,10.33,10.23,10.25,10.25,6209164,63734152.41,0.0,0.521,1,0,none,baostock,query_history_k_data_plus
002233,SZSE.002233,,SZ,A股-深交所,2021-07-13,10.26,10.26,10.17,10.25,10.25,5280180,53952261.11,0.0,0.443,1,0,none,baostock,query_history_k_data_plus
002233,SZSE.002233,,SZ,A股-深交所,2021-07-14,10.25,10.36,10.18,10.19,10.25,6315296,64496890.36,-0.5854,0.5299,1,0,none,baostock,query_history_k_data_plus
002233,SZSE.002233,,SZ,A股-深交所,2021-07-15,10.16,10.18,10.0,10.14,10.19,9672888,97484073.01,-0.4907,0.8116,1,0,none,baostock,query_history_k_data_plus
002233,SZSE.002233,,SZ,A股-深交所,2021-07-16,10.11,10.11,10.0,10.03,10.14,7768770,77992979.82,-1.0848,0.6518,1,0,none,baostock,query_history_k_data_plus
002233,SZSE.002233,,SZ,A股-深交所,2021-07-19,10.03,10.03,9.88,9.92,10.03,7701750,76386667.39,-1.0967,0.6462,1,0,none,baostock,query_history_k_data_plus
002233,SZSE.002233,,SZ,A股-深交所,2021-07-20,9.87,10.03,9.85,9.98,9.92,6097433,60477272.45,0.6048,0.5116,1,0,none,baostock,query_history_k_data_plus
002233,SZSE.002233,,SZ,A股-深交所,2021-07-21,10.01,10.17,9.98,9.99,9.98,9401509,94645571.77,0.1002,0.7888,1,0,none,baostock,query_history_k_data_plus
002233,SZSE.002233,,SZ,A股-深交所,2021-07-22,9.98,10.12,9.88,10.09,9.99,7555146,75904045.9,1.001,0.6339,1,0,none,baostock,query_history_k_data_plus
002233,SZSE.002233,,SZ,A股-深交所,2021-07-23,10.09,10.09,9.96,10.0,10.09,6600534,66015067.36,-0.892,0.5538,1,0,none,baostock,query_history_k_data_plus
002233,SZSE.002233,,SZ,A股-深交所,2021-07-26,9.99,9.99,9.72,9.77,10.0,9208758,90491967.04,-2.3,0.7726,1,0,none,baostock,query_history_k_data_plus
002233,SZSE.002233,,SZ,A股-深交所,2021-07-27,9.77,9.85,9.51,9.52,9.77,9932784,95829585.98,-2.5589,0.8334,1,0,none,baostock,query_history_k_data_plus
002233,SZSE.002233,,SZ,A股-深交所,2021-07-28,9.51,9.52,9.33,9.35,9.52,8054204,75843589.61,-1.7857,0.6758,1,0,none,baostock,query_history_k_data_plus
002233,SZSE.002233,,SZ,A股-深交所,2021-07-29,9.43,9.48,9.35,9.38,9.35,6271751,58905809.27,0.3209,0.5262,1,0,none,baostock,query_history_k_data_plus
002233,SZSE.002233,,SZ,A股-深交所,2021-07-30,9.38,9.41,9.22,9.38,9.38,5699927,53084075.2,0.0,0.4782,1,0,none,baostock,query_history_k_data_plus
002233,SZSE.002233,,SZ,A股-深交所,2021-08-02,9.43,9.89,9.29,9.82,9.38,16526145,159447009.2,4.6908,1.3866,1,0,none,baostock,query_history_k_data_plus
002233,SZSE.002233,,SZ,A股-深交所,2021-08-03,9.9,10.05,9.86,9.97,9.82,16545048,164800848.86,1.5275,1.3882,1,0,none,baostock,query_history_k_data_plus
002233,SZSE.002233,,SZ,A股-深交所,2021-08-04,9.98,10.0,9.84,9.91,9.97,9130609,90331380.5,-0.6018,0.7661,1,0,none,baostock,query_history_k_data_plus
002233,SZSE.002233,,SZ,A股-深交所,2021-08-05,9.86,10.09,9.86,9.99,9.91,10811131,108046357.21,0.8073,0.9071,1,0,none,baostock,query_history_k_data_plus
002233,SZSE.002233,,SZ,A股-深交所,2021-08-06,9.99,10.01,9.84,9.97,9.99,7251171,71930451.22,-0.2002,0.6084,1,0,none,baostock,query_history_k_data_plus
002233,SZSE.002233,,SZ,A股-深交所,2021-08-09,9.95,10.36,9.93,10.27,9.97,15803961,161670065.46,3.009,1.326,1,0,none,baostock,query_history_k_data_plus
002233,SZSE.002233,,SZ,A股-深交所,2021-08-10,10.2,10.27,10.02,10.26,10.27,10901940,110968905.58,-0.0974,0.9147,1,0,none,baostock,query_history_k_data_plus
002233,SZSE.002233,,SZ,A股-深交所,2021-08-11,10.22,10.35,10.18,10.2,10.26,10501776,107639369.65,-0.5848,0.8811,1,0,none,baostock,query_history_k_data_plus
002233,SZSE.002233,,SZ,A股-深交所,2021-08-12,10.21,10.28,10.18,10.25,10.2,8015065,82020717.62,0.4902,0.6725,1,0,none,baostock,query_history_k_data_plus
002233,SZSE.002233,,SZ,A股-深交所,2021-08-13,10.28,10.54,10.19,10.43,10.25,17618880,182972543.34,1.7561,1.4783,1,0,none,baostock,query_history_k_data_plus
002233,SZSE.002233,,SZ,A股-深交所,2021-08-16,10.44,10.63,10.38,10.41,10.43,14598483,152809128.04,-0.1918,1.2248,1,0,none,baostock,query_history_k_data_plus
002233,SZSE.002233,,SZ,A股-深交所,2021-08-17,10.38,10.48,10.25,10.25,10.41,11777866,121999330.57,-1.537,0.9882,1,0,none,baostock,query_history_k_data_plus
002233,SZSE.002233,,SZ,A股-深交所,2021-08-18,10.28,10.46,10.26,10.44,10.25,11203476,116349243.56,1.8537,0.94,1,0,none,baostock,query_history_k_data_plus
002233,SZSE.002233,,SZ,A股-深交所,2021-08-19,10.44,10.48,10.27,10.29,10.44,8337168,86158664.39,-1.4368,0.6995,1,0,none,baostock,query_history_k_data_plus
002233,SZSE.002233,,SZ,A股-深交所,2021-08-20,10.3,10.57,10.26,10.5,10.29,17624962,183566000.58,2.0408,1.4788,1,0,none,baostock,query_history_k_data_plus
002233,SZSE.002233,,SZ,A股-深交所,2021-08-23,10.5,10.51,10.38,10.43,10.5,11530754,120073592.02,-0.6667,0.9675,1,0,none,baostock,query_history_k_data_plus
002233,SZSE.002233,,SZ,A股-深交所,2021-08-24,10.38,10.42,10.18,10.25,10.43,12283589,126104336.92,-1.7258,1.0306,1,0,none,baostock,query_history_k_data_plus
002233,SZSE.002233,,SZ,A股-深交所,2021-08-25,10.24,10.28,10.2,10.24,10.25,6654778,68055328.01,-0.0976,0.5584,1,0,none,baostock,query_history_k_data_plus
002233,SZSE.002233,,SZ,A股-深交所,2021-08-26,10.22,10.25,10.13,10.13,10.24,7402985,75312939.79,-1.0742,0.6211,1,0,none,baostock,query_history_k_data_plus
002233,SZSE.002233,,SZ,A股-深交所,2021-08-27,10.13,10.21,10.08,10.16,10.13,5038802,51141035.46,0.2962,0.4228,1,0,none,baostock,query_history_k_data_plus
002233,SZSE.002233,,SZ,A股-深交所,2021-08-30,10.15,10.19,9.84,9.84,10.16,13576192,135028770.91,-3.1496,1.1391,1,0,none,baostock,query_history_k_data_plus
002233,SZSE.002233,,SZ,A股-深交所,2021-08-31,9.81,10.32,9.81,10.32,9.84,20651487,209393770.4,4.878,1.7327,1,0,none,baostock,query_history_k_data_plus
002233,SZSE.002233,,SZ,A股-深交所,2021-09-01,10.36,10.85,10.3,10.74,10.32,39062194,416039663.29,4.0698,3.2774,1,0,none,baostock,query_history_k_data_plus
002233,SZSE.002233,,SZ,A股-深交所,2021-09-02,10.66,10.67,10.4,10.58,10.74,23391686,246960691.98,-1.4898,1.9626,1,0,none,baostock,query_history_k_data_plus
002233,SZSE.002233,,SZ,A股-深交所,2021-09-03,10.65,10.66,10.43,10.6,10.58,16293948,172148180.99,0.189,1.3671,1,0,none,baostock,query_history_k_data_plus
002233,SZSE.002233,,SZ,A股-深交所,2021-09-06,10.7,11.04,10.7,10.88,10.6,32906202,359004518.03,2.6415,2.7609,1,0,none,baostock,query_history_k_data_plus
002233,SZSE.002233,,SZ,A股-深交所,2021-09-07,11.05,11.85,11.01,11.62,10.88,74575318,868866571.92,6.8015,6.2571,1,0,none,baostock,query_history_k_data_plus
002233,SZSE.002233,,SZ,A股-深交所,2021-09-08,11.59,11.75,11.48,11.48,11.62,27493812,318408889.62,-1.2048,2.3068,1,0,none,baostock,query_history_k_data_plus
002233,SZSE.002233,,SZ,A股-深交所,2021-09-09,11.45,12.63,11.45,12.63,11.48,92599028,1146881683.5,10.0174,7.7693,1,0,none,baostock,query_history_k_data_plus
002233,SZSE.002233,,SZ,A股-深交所,2021-09-10,12.99,13.89,12.92,13.22,12.63,136596316,1851174743.27,4.6714,11.4608,1,0,none,baostock,query_history_k_data_plus
002233,SZSE.002233,,SZ,A股-深交所,2021-09-13,13.51,14.54,13.35,14.54,13.22,128390011,1809133621.27,9.9849,10.7722,1,0,none,baostock,query_history_k_data_plus
002233,SZSE.002233,,SZ,A股-深交所,2021-09-14,14.95,15.07,14.38,14.54,14.54,97223724,1430465747.91,0.0,8.1573,1,0,none,baostock,query_history_k_data_plus
002233,SZSE.002233,,SZ,A股-深交所,2021-09-15,14.3,14.36,13.65,13.84,14.54,74862882,1044341377.19,-4.8143,6.2812,1,0,none,baostock,query_history_k_data_plus
002233,SZSE.002233,,SZ,A股-深交所,2021-09-16,13.97,14.13,13.35,13.5,13.84,62333862,855493380.1,-2.4566,5.23,1,0,none,baostock,query_history_k_data_plus
002233,SZSE.002233,,SZ,A股-深交所,2021-09-17,13.68,13.83,13.02,13.36,13.5,52748153,710555693.66,-1.037,4.4257,1,0,none,baostock,query_history_k_data_plus
002233,SZSE.002233,,SZ,A股-深交所,2021-09-22,13.45,13.85,13.29,13.77,13.36,43891474,597111415.06,3.0689,3.6826,1,0,none,baostock,query_history_k_data_plus
002233,SZSE.002233,,SZ,A股-深交所,2021-09-23,14.17,14.35,13.6,13.78,13.77,55867724,777844411.72,0.0726,4.6874,1,0,none,baostock,query_history_k_data_plus
002233,SZSE.002233,,SZ,A股-深交所,2021-09-24,14.01,14.16,12.4,12.4,13.78,69511681,887716929.86,-10.0145,5.8322,1,0,none,baostock,query_history_k_data_plus
002233,SZSE.002233,,SZ,A股-深交所,2021-09-27,12.28,12.43,11.16,11.36,12.4,77938214,904410707.48,-8.3871,6.5392,1,0,none,baostock,query_history_k_data_plus
002233,SZSE.002233,,SZ,A股-深交所,2021-09-28,11.45,11.65,11.35,11.48,11.36,32351768,372164415.78,1.0563,2.7144,1,0,none,baostock,query_history_k_data_plus
002233,SZSE.002233,,SZ,A股-深交所,2021-09-29,11.38,11.74,11.2,11.21,11.48,30261737,345361764.73,-2.3519,2.539,1,0,none,baostock,query_history_k_data_plus
002233,SZSE.002233,,SZ,A股-深交所,2021-09-30,11.22,11.43,11.06,11.15,11.21,31280923,349454632.14,-0.5352,2.6245,1,0,none,baostock,query_history_k_data_plus
002233,SZSE.002233,,SZ,A股-深交所,2021-10-08,11.4,11.6,11.21,11.44,11.15,31982702,365509665.89,2.6009,2.6834,1,0,none,baostock,query_history_k_data_plus
002233,SZSE.002233,,SZ,A股-深交所,2021-10-11,11.5,11.69,11.18,11.26,11.44,30306779,342946964.73,-1.5734,2.5428,1,0,none,baostock,query_history_k_data_plus
002233,SZSE.002233,,SZ,A股-深交所,2021-10-12,11.22,11.25,10.82,10.97,11.26,28727671,315858425.03,-2.5755,2.4103,1,0,none,baostock,query_history_k_data_plus
002233,SZSE.002233,,SZ,A股-深交所,2021-10-13,10.97,11.0,10.49,10.82,10.97,24252117,259509383.07,-1.3674,2.0348,1,0,none,baostock,query_history_k_data_plus
002233,SZSE.002233,,SZ,A股-深交所,2021-10-14,10.77,10.86,10.65,10.74,10.82,17628896,189077535.76,-0.7394,1.4791,1,0,none,baostock,query_history_k_data_plus
002233,SZSE.002233,,SZ,A股-深交所,2021-10-15,10.76,10.86,10.61,10.67,10.74,18827112,201890688.98,-0.6518,1.5796,1,0,none,baostock,query_history_k_data_plus
002233,SZSE.002233,,SZ,A股-深交所,2021-10-18,10.68,10.82,10.57,10.75,10.67,22421305,240535000.49,0.7498,1.8812,1,0,none,baostock,query_history_k_data_plus
002233,SZSE.002233,,SZ,A股-深交所,2021-10-19,10.71,10.77,10.52,10.7,10.75,20074422,214110441.9,-0.4651,1.6843,1,0,none,baostock,query_history_k_data_plus
002233,SZSE.002233,,SZ,A股-深交所,2021-10-20,10.72,10.8,10.54,10.65,10.7,22541661,240808955.4,-0.4673,1.8913,1,0,none,baostock,query_history_k_data_plus
002233,SZSE.002233,,SZ,A股-深交所,2021-10-21,10.66,10.76,10.58,10.59,10.65,20122520,214738373.36,-0.5634,1.6883,1,0,none,baostock,query_history_k_data_plus
002233,SZSE.002233,,SZ,A股-深交所,2021-10-22,10.58,10.89,10.32,10.33,10.59,44370496,466053055.43,-2.4551,3.7228,1,0,none,baostock,query_history_k_data_plus
002233,SZSE.002233,,SZ,A股-深交所,2021-10-25,10.27,10.64,10.23,10.6,10.33,38849537,408174367.17,2.6137,3.2596,1,0,none,baostock,query_history_k_data_plus
002233,SZSE.002233,,SZ,A股-深交所,2021-10-26,10.55,10.63,10.27,10.31,10.6,24825475,257949494.64,-2.7358,2.0829,1,0,none,baostock,query_history_k_data_plus
002233,SZSE.002233,,SZ,A股-深交所,2021-10-27,10.3,10.33,10.08,10.14,10.31,18882225,191711729.48,-1.6489,1.5843,1,0,none,baostock,query_history_k_data_plus
002233,SZSE.002233,,SZ,A股-深交所,2021-10-28,10.15,10.23,10.02,10.03,10.14,15837824,159924002.29,-1.0848,1.3288,1,0,none,baostock,query_history_k_data_plus
002233,SZSE.002233,,SZ,A股-深交所,2021-10-29,10.0,10.13,9.96,10.08,10.03,17431799,175240372.7,0.4985,1.4626,1,0,none,baostock,query_history_k_data_plus
002233,SZSE.002233,,SZ,A股-深交所,2021-11-01,10.07,10.39,10.05,10.28,10.08,20324708,208861799.87,1.9841,1.7053,1,0,none,baostock,query_history_k_data_plus
002233,SZSE.002233,,SZ,A股-深交所,2021-11-02,10.28,10.35,9.89,10.0,10.28,24186569,243264539.69,-2.7237,2.0293,1,0,none,baostock,query_history_k_data_plus
002233,SZSE.002233,,SZ,A股-深交所,2021-11-03,10.01,10.22,9.94,10.16,10.0,13074050,132094386.5,1.6,1.0969,1,0,none,baostock,query_history_k_data_plus
002233,SZSE.002233,,SZ,A股-深交所,2021-11-04,10.16,10.22,10.03,10.1,10.16,13010707,131339112.37,-0.5906,1.0916,1,0,none,baostock,query_history_k_data_plus
002233,SZSE.002233,,SZ,A股-深交所,2021-11-05,10.1,10.1,9.82,9.87,10.1,22481674,223369515.16,-2.2772,1.8863,1,0,none,baostock,query_history_k_data_plus
002233,SZSE.002233,,SZ,A股-深交所,2021-11-08,9.87,9.94,9.81,9.89,9.87,11108581,109751438.93,0.2026,0.932,1,0,none,baostock,query_history_k_data_plus
002233,SZSE.002233,,SZ,A股-深交所,2021-11-09,9.92,10.02,9.88,9.99,9.89,12118368,120448267.01,1.0111,1.0168,1,0,none,baostock,query_history_k_data_plus
002233,SZSE.002233,,SZ,A股-深交所,2021-11-10,9.99,10.0,9.79,9.98,9.99,14487781,143212202.59,-0.1001,1.2156,1,0,none,baostock,query_history_k_data_plus
002233,SZSE.002233,,SZ,A股-深交所,2021-11-11,9.97,10.5,9.93,10.42,9.98,34332143,353420542.7,4.4088,2.8806,1,0,none,baostock,query_history_k_data_plus
002233,SZSE.002233,,SZ,A股-深交所,2021-11-12,10.32,10.34,10.06,10.11,10.42,27753174,281495744.02,-2.975,2.3286,1,0,none,baostock,query_history_k_data_plus
002233,SZSE.002233,,SZ,A股-深交所,2021-11-15,10.12,10.18,9.98,10.13,10.11,14658602,147930901.43,0.1978,1.2299,1,0,none,baostock,query_history_k_data_plus
002233,SZSE.002233,,SZ,A股-深交所,2021-11-16,10.13,10.16,10.02,10.05,10.13,12130292,122462227.76,-0.7897,1.0178,1,0,none,baostock,query_history_k_data_plus
002233,SZSE.002233,,SZ,A股-深交所,2021-11-17,10.05,10.12,10.03,10.09,10.05,11175032,112616227.93,0.398,0.9376,1,0,none,baostock,query_history_k_data_plus
002233,SZSE.002233,,SZ,A股-深交所,2021-11-18,10.05,10.18,10.04,10.12,10.09,12129053,122714387.34,0.2973,1.0177,1,0,none,baostock,query_history_k_data_plus
002233,SZSE.002233,,SZ,A股-深交所,2021-11-19,10.1,10.21,10.04,10.19,10.12,13461703,136285197.6,0.6917,1.1295,1,0,none,baostock,query_history_k_data_plus
002233,SZSE.002233,,SZ,A股-深交所,2021-11-22,10.2,10.29,10.17,10.17,10.19,13960069,142658295.6,-0.1963,1.1713,1,0,none,baostock,query_history_k_data_plus
002233,SZSE.002233,,SZ,A股-深交所,2021-11-23,10.15,10.25,10.11,10.19,10.17,10151516,103532118.23,0.1967,0.8517,1,0,none,baostock,query_history_k_data_plus
002233,SZSE.002233,,SZ,A股-深交所,2021-11-24,10.14,10.18,10.05,10.14,10.19,10686351,108119924.09,-0.4907,0.8966,1,0,none,baostock,query_history_k_data_plus
002233,SZSE.002233,,SZ,A股-深交所,2021-11-25,10.14,10.17,10.08,10.12,10.14,7833886,79178332.82,-0.1972,0.6573,1,0,none,baostock,query_history_k_data_plus
002233,SZSE.002233,,SZ,A股-深交所,2021-11-26,10.11,10.11,9.97,9.99,10.12,13004087,130273759.64,-1.2846,1.0911,1,0,none,baostock,query_history_k_data_plus
002233,SZSE.002233,,SZ,A股-深交所,2021-11-29,9.88,9.95,9.85,9.9,9.99,10873724,107589278.21,-0.9009,0.9123,1,0,none,baostock,query_history_k_data_plus
002233,SZSE.002233,,SZ,A股-深交所,2021-11-30,9.94,10.1,9.93,9.97,9.9,9543820,95509814.6,0.7071,0.8007,1,0,none,baostock,query_history_k_data_plus
002233,SZSE.002233,,SZ,A股-深交所,2021-12-01,10.0,10.08,9.92,10.07,9.97,10213914,102369814.18,1.003,0.857,1,0,none,baostock,query_history_k_data_plus
002233,SZSE.002233,,SZ,A股-深交所,2021-12-02,10.1,10.74,10.06,10.49,10.07,45340291,474030150.3,4.1708,3.8042,1,0,none,baostock,query_history_k_data_plus
002233,SZSE.002233,,SZ,A股-深交所,2021-12-03,10.5,10.6,10.31,10.49,10.49,22887677,239221627.97,0.0,1.9203,1,0,none,baostock,query_history_k_data_plus
002233,SZSE.002233,,SZ,A股-深交所,2021-12-06,10.55,10.74,10.38,10.41,10.49,20049176,211668552.66,-0.7626,1.6822,1,0,none,baostock,query_history_k_data_plus
002233,SZSE.002233,,SZ,A股-深交所,2021-12-07,10.57,10.73,10.49,10.56,10.41,21279998,225105071.44,1.4409,1.7854,1,0,none,baostock,query_history_k_data_plus
002233,SZSE.002233,,SZ,A股-深交所,2021-12-08,10.56,10.59,10.33,10.41,10.56,19809429,206358762.3,-1.4205,1.6621,1,0,none,baostock,query_history_k_data_plus
002233,SZSE.002233,,SZ,A股-深交所,2021-12-09,10.42,10.57,10.4,10.47,10.41,15769575,165250004.35,0.5764,1.3231,1,0,none,baostock,query_history_k_data_plus
002233,SZSE.002233,,SZ,A股-深交所,2021-12-10,10.48,10.48,10.31,10.36,10.47,14816840,153727469.92,-1.0506,1.2432,1,0,none,baostock,query_history_k_data_plus
002233,SZSE.002233,,SZ,A股-深交所,2021-12-13,10.52,10.71,10.47,10.5,10.36,27867247,295263001.47,1.3514,2.3381,1,0,none,baostock,query_history_k_data_plus
002233,SZSE.002233,,SZ,A股-深交所,2021-12-14,10.47,10.47,10.29,10.32,10.5,15040770,155650261.13,-1.7143,1.262,1,0,none,baostock,query_history_k_data_plus
002233,SZSE.002233,,SZ,A股-深交所,2021-12-15,10.34,10.4,10.26,10.34,10.32,10515702,108767752.64,0.1938,0.8823,1,0,none,baostock,query_history_k_data_plus
002233,SZSE.002233,,SZ,A股-深交所,2021-12-16,10.36,10.5,10.3,10.5,10.34,15795015,164929883.38,1.5474,1.3252,1,0,none,baostock,query_history_k_data_plus
002233,SZSE.002233,,SZ,A股-深交所,2021-12-17,10.49,10.6,10.43,10.52,10.5,16887992,177611444.33,0.1905,1.4169,1,0,none,baostock,query_history_k_data_plus
002233,SZSE.002233,,SZ,A股-深交所,2021-12-20,10.51,10.54,10.36,10.41,10.52,12144000,126770462.9,-1.0456,1.0189,1,0,none,baostock,query_history_k_data_plus
002233,SZSE.002233,,SZ,A股-深交所,2021-12-21,10.37,10.71,10.36,10.62,10.41,21676775,229688572.39,2.0173,1.8187,1,0,none,baostock,query_history_k_data_plus
002233,SZSE.002233,,SZ,A股-深交所,2021-12-22,10.63,10.7,10.55,10.69,10.62,17646970,187622909.48,0.6591,1.4806,1,0,none,baostock,query_history_k_data_plus
002233,SZSE.002233,,SZ,A股-深交所,2021-12-23,10.69,10.7,10.56,10.64,10.69,12848197,136228141.59,-0.4677,1.078,1,0,none,baostock,query_history_k_data_plus
002233,SZSE.002233,,SZ,A股-深交所,2021-12-24,10.64,10.64,10.46,10.53,10.64,11038798,116096508.78,-1.0338,0.9262,1,0,none,baostock,query_history_k_data_plus
002233,SZSE.002233,,SZ,A股-深交所,2021-12-27,10.55,10.66,10.49,10.51,10.53,11307869,119416875.43,-0.1899,0.9488,1,0,none,baostock,query_history_k_data_plus
002233,SZSE.002233,,SZ,A股-深交所,2021-12-28,10.52,10.63,10.4,10.48,10.51,11000684,115100221.85,-0.2854,0.923,1,0,none,baostock,query_history_k_data_plus
002233,SZSE.002233,,SZ,A股-深交所,2021-12-29,10.47,10.54,10.4,10.48,10.48,9051845,94892797.45,0.0,0.7595,1,0,none,baostock,query_history_k_data_plus
002233,SZSE.002233,,SZ,A股-深交所,2021-12-30,10.41,10.55,10.39,10.47,10.48,10867100,113897525.0,-0.0954,0.9118,1,0,none,baostock,query_history_k_data_plus
002233,SZSE.002233,,SZ,A股-深交所,2021-12-31,10.46,10.66,10.43,10.58,10.47,17789070,188216541.6,1.0506,1.4925,1,0,none,baostock,query_history_k_data_plus
002233,SZSE.002233,,SZ,A股-深交所,2022-01-04,10.59,10.88,10.57,10.86,10.58,24307488,262078450.61,2.6465,2.0395,1,0,none,baostock,query_history_k_data_plus
002233,SZSE.002233,,SZ,A股-深交所,2022-01-05,10.85,11.0,10.72,10.89,10.86,22398105,243857407.74,0.2762,1.8793,1,0,none,baostock,query_history_k_data_plus
002233,SZSE.002233,,SZ,A股-深交所,2022-01-06,10.93,11.4,10.9,11.23,10.89,35782518,402140520.34,3.1221,3.0022,1,0,none,baostock,query_history_k_data_plus
002233,SZSE.002233,,SZ,A股-深交所,2022-01-07,11.23,11.37,11.15,11.19,11.23,22979316,259003057.87,-0.3562,1.928,1,0,none,baostock,query_history_k_data_plus
002233,SZSE.002233,,SZ,A股-深交所,2022-01-10,11.21,11.43,11.2,11.33,11.19,19109727,216034135.78,1.2511,1.6034,1,0,none,baostock,query_history_k_data_plus
002233,SZSE.002233,,SZ,A股-深交所,2022-01-11,11.34,11.45,11.27,11.32,11.33,13690692,155206328.44,-0.0883,1.1487,1,0,none,baostock,query_history_k_data_plus
002233,SZSE.002233,,SZ,A股-深交所,2022-01-12,11.24,11.3,10.96,11.02,11.32,21827355,241322532.14,-2.6502,1.8314,1,0,none,baostock,query_history_k_data_plus
002233,SZSE.002233,,SZ,A股-深交所,2022-01-13,11.04,11.07,10.8,10.83,11.02,17756369,193734342.04,-1.7241,1.4898,1,0,none,baostock,query_history_k_data_plus
002233,SZSE.002233,,SZ,A股-深交所,2022-01-14,10.76,10.83,10.5,10.52,10.83,18132280,192404020.92,-2.8624,1.5213,1,0,none,baostock,query_history_k_data_plus
002233,SZSE.002233,,SZ,A股-深交所,2022-01-17,10.51,10.6,10.43,10.56,10.52,14098314,148334579.85,0.3802,1.1829,1,0,none,baostock,query_history_k_data_plus
002233,SZSE.002233,,SZ,A股-深交所,2022-01-18,10.53,10.75,10.47,10.65,10.56,13226623,140249275.15,0.8523,1.1097,1,0,none,baostock,query_history_k_data_plus
002233,SZSE.002233,,SZ,A股-深交所,2022-01-19,10.63,11.1,10.61,11.0,10.65,30382473,333316179.9,3.2864,2.5492,1,0,none,baostock,query_history_k_data_plus
002233,SZSE.002233,,SZ,A股-深交所,2022-01-20,10.95,11.1,10.86,10.94,11.0,17748616,194870570.62,-0.5455,1.4892,1,0,none,baostock,query_history_k_data_plus
002233,SZSE.002233,,SZ,A股-深交所,2022-01-21,10.93,10.94,10.55,10.7,10.94,17098796,183141782.48,-2.1938,1.4346,1,0,none,baostock,query_history_k_data_plus
002233,SZSE.002233,,SZ,A股-深交所,2022-01-24,10.69,10.93,10.65,10.69,10.7,12557915,135193971.91,-0.0935,1.0536,1,0,none,baostock,query_history_k_data_plus
002233,SZSE.002233,,SZ,A股-深交所,2022-01-25,10.64,10.7,10.3,10.3,10.69,14965901,157010823.33,-3.6483,1.2557,1,0,none,baostock,query_history_k_data_plus
002233,SZSE.002233,,SZ,A股-深交所,2022-01-26,10.42,10.5,10.22,10.47,10.3,11606800,120556379.74,1.6505,0.9738,1,0,none,baostock,query_history_k_data_plus
002233,SZSE.002233,,SZ,A股-深交所,2022-01-27,10.47,10.47,10.3,10.31,10.47,10347819,107190701.01,-1.5282,0.8682,1,0,none,baostock,query_history_k_data_plus
002233,SZSE.002233,,SZ,A股-深交所,2022-01-28,10.36,10.39,10.16,10.19,10.31,13683100,140078632.2,-1.1639,1.148,1,0,none,baostock,query_history_k_data_plus
002233,SZSE.002233,,SZ,A股-深交所,2022-02-07,10.38,10.91,10.33,10.8,10.19,24606716,263734975.3,5.9863,2.0646,1,0,none,baostock,query_history_k_data_plus
002233,SZSE.002233,,SZ,A股-深交所,2022-02-08,10.78,11.15,10.76,11.12,10.8,25257944,278237615.19,2.963,2.1192,1,0,none,baostock,query_history_k_data_plus
002233,SZSE.002233,,SZ,A股-深交所,2022-02-09,11.05,11.23,11.01,11.09,11.12,19861420,220615470.25,-0.2698,1.6664,1,0,none,baostock,query_history_k_data_plus
002233,SZSE.002233,,SZ,A股-深交所,2022-02-10,11.09,11.34,11.02,11.21,11.09,16400256,183913201.8,1.0821,1.376,1,0,none,baostock,query_history_k_data_plus
002233,SZSE.002233,,SZ,A股-深交所,2022-02-11,11.18,11.36,11.1,11.16,11.21,15859563,177522687.5,-0.446,1.3307,1,0,none,baostock,query_history_k_data_plus
002233,SZSE.002233,,SZ,A股-深交所,2022-02-14,11.1,11.19,10.88,10.94,11.16,14373840,158313515.48,-1.9713,1.206,1,0,none,baostock,query_history_k_data_plus
002233,SZSE.002233,,SZ,A股-深交所,2022-02-15,10.95,11.08,10.86,10.96,10.94,10850645,119099335.4,0.1828,0.9104,1,0,none,baostock,query_history_k_data_plus
002233,SZSE.002233,,SZ,A股-深交所,2022-02-16,10.99,11.24,10.99,11.21,10.96,19089166,213115662.51,2.281,1.6016,1,0,none,baostock,query_history_k_data_plus
002233,SZSE.002233,,SZ,A股-深交所,2022-02-17,11.23,11.29,11.06,11.17,11.21,14427360,161116757.23,-0.3568,1.2105,1,0,none,baostock,query_history_k_data_plus
002233,SZSE.002233,,SZ,A股-深交所,2022-02-18,11.11,11.45,11.08,11.42,11.17,23844040,270064338.59,2.2381,2.0006,1,0,none,baostock,query_history_k_data_plus
002233,SZSE.002233,,SZ,A股-深交所,2022-02-21,11.39,11.41,11.23,11.32,11.42,17324587,195472275.85,-0.8757,1.4536,1,0,none,baostock,query_history_k_data_plus
002233,SZSE.002233,,SZ,A股-深交所,2022-02-22,11.3,11.31,11.06,11.15,11.32,17468299,194837108.93,-1.5018,1.4656,1,0,none,baostock,query_history_k_data_plus
002233,SZSE.002233,,SZ,A股-深交所,2022-02-23,11.19,11.27,11.03,11.09,11.15,14688006,163007293.06,-0.5381,1.2324,1,0,none,baostock,query_history_k_data_plus
002233,SZSE.002233,,SZ,A股-深交所,2022-02-24,11.06,11.07,10.55,10.69,11.09,26718149,288547240.66,-3.6069,2.2417,1,0,none,baostock,query_history_k_data_plus
002233,SZSE.002233,,SZ,A股-深交所,2022-02-25,10.79,11.12,10.77,10.85,10.69,21404333,233828554.07,1.4967,1.7959,1,0,none,baostock,query_history_k_data_plus
002233,SZSE.002233,,SZ,A股-深交所,2022-02-28,10.97,11.02,10.8,10.89,10.85,15574395,169927880.0,0.3687,1.3067,1,0,none,baostock,query_history_k_data_plus
002233,SZSE.002233,,SZ,A股-深交所,2022-03-01,10.97,11.12,10.9,10.97,10.89,16868847,185319003.0,0.7346,1.4153,1,0,none,baostock,query_history_k_data_plus
002233,SZSE.002233,,SZ,A股-深交所,2022-03-02,10.96,11.3,10.9,11.14,10.97,24786435,276784160.0,1.5497,2.0796,1,0,none,baostock,query_history_k_data_plus
002233,SZSE.002233,,SZ,A股-深交所,2022-03-03,11.12,11.4,11.11,11.28,11.14,24029868,271779616.0,1.2567,2.0162,1,0,none,baostock,query_history_k_data_plus
002233,SZSE.002233,,SZ,A股-深交所,2022-03-04,11.2,11.25,10.97,11.12,11.28,18511249,205702902.0,-1.4184,1.5531,1,0,none,baostock,query_history_k_data_plus
002233,SZSE.002233,,SZ,A股-深交所,2022-03-07,11.13,11.26,11.06,11.12,11.12,16425849,183110551.0,0.0,1.3782,1,0,none,baostock,query_history_k_data_plus
002233,SZSE.002233,,SZ,A股-深交所,2022-03-08,11.1,11.12,10.81,10.91,11.12,18288243,200572515.0,-1.8885,1.5344,1,0,none,baostock,query_history_k_data_plus
002233,SZSE.002233,,SZ,A股-深交所,2022-03-09,10.96,11.12,10.34,10.73,10.91,21788486,235085406.0,-1.6499,1.8281,1,0,none,baostock,query_history_k_data_plus
002233,SZSE.002233,,SZ,A股-深交所,2022-03-10,10.91,11.13,10.79,11.02,10.73,18351336,201686433.0,2.7027,1.5397,1,0,none,baostock,query_history_k_data_plus
002233,SZSE.002233,,SZ,A股-深交所,2022-03-11,10.92,10.98,10.56,10.89,11.02,22855387,245162113.0,-1.1797,1.9176,1,0,none,baostock,query_history_k_data_plus
002233,SZSE.002233,,SZ,A股-深交所,2022-03-14,10.86,11.08,10.61,10.63,10.89,19992444,217211269.0,-2.3875,1.6774,1,0,none,baostock,query_history_k_data_plus
002233,SZSE.002233,,SZ,A股-深交所,2022-03-15,10.63,10.77,10.11,10.12,10.63,35569028,370244032.0,-4.7977,2.9843,1,0,none,baostock,query_history_k_data_plus
002233,SZSE.002233,,SZ,A股-深交所,2022-03-16,10.34,10.38,9.9,10.28,10.12,28818465,291953296.0,1.581,2.4179,1,0,none,baostock,query_history_k_data_plus
002233,SZSE.002233,,SZ,A股-深交所,2022-03-17,10.45,10.63,10.31,10.39,10.28,24620055,257325493.0,1.07,2.0657,1,0,none,baostock,query_history_k_data_plus
002233,SZSE.002233,,SZ,A股-深交所,2022-03-18,10.31,10.76,10.3,10.67,10.39,23030895,244608370.19,2.6949,1.9324,1,0,none,baostock,query_history_k_data_plus
002233,SZSE.002233,,SZ,A股-深交所,2022-03-21,10.69,10.76,10.4,10.5,10.67,21072863,221694366.24,-1.5933,1.7681,1,0,none,baostock,query_history_k_data_plus
002233,SZSE.002233,,SZ,A股-深交所,2022-03-22,10.46,10.54,10.32,10.49,10.5,16567585,173136048.86,-0.0952,1.3901,1,0,none,baostock,query_history_k_data_plus
002233,SZSE.002233,,SZ,A股-深交所,2022-03-23,10.49,10.52,10.36,10.45,10.49,13672140,142707924.61,-0.3813,1.1471,1,0,none,baostock,query_history_k_data_plus
002233,SZSE.002233,,SZ,A股-深交所,2022-03-24,10.39,10.44,10.37,10.4,10.45,10062279,104614405.26,-0.4785,0.8443,1,0,none,baostock,query_history_k_data_plus
002233,SZSE.002233,,SZ,A股-深交所,2022-03-25,10.39,10.46,10.32,10.37,10.4,11306550,117306325.07,-0.2885,0.9486,1,0,none,baostock,query_history_k_data_plus
002233,SZSE.002233,,SZ,A股-深交所,2022-03-28,10.3,10.49,10.17,10.44,10.37,14781374,152998773.7,0.675,1.2402,1,0,none,baostock,query_history_k_data_plus
002233,SZSE.002233,,SZ,A股-深交所,2022-03-29,10.41,10.48,10.32,10.35,10.44,12695952,131539310.89,-0.8621,1.0652,1,0,none,baostock,query_history_k_data_plus
002233,SZSE.002233,,SZ,A股-深交所,2022-03-30,10.38,10.66,10.35,10.63,10.35,24410374,257638885.65,2.7053,2.0481,1,0,none,baostock,query_history_k_data_plus
002233,SZSE.002233,,SZ,A股-深交所,2022-03-31,10.56,11.12,10.53,11.0,10.63,41186300,450110036.41,3.4807,3.4556,1,0,none,baostock,query_history_k_data_plus
002233,SZSE.002233,,SZ,A股-深交所,2022-04-01,10.89,11.02,10.84,10.96,11.0,23085000,251928401.73,-0.3636,1.9369,1,0,none,baostock,query_history_k_data_plus
002233,SZSE.002233,,SZ,A股-深交所,2022-04-06,10.95,11.28,10.91,11.25,10.96,29630122,329446380.9,2.646,2.486,1,0,none,baostock,query_history_k_data_plus
002233,SZSE.002233,,SZ,A股-深交所,2022-04-07,11.14,11.64,11.11,11.3,11.25,47145234,536522142.48,0.4444,3.9556,1,0,none,baostock,query_history_k_data_plus
002233,SZSE.002233,,SZ,A股-深交所,2022-04-08,11.39,11.54,11.22,11.5,11.3,36451470,415984767.79,1.7699,3.0584,1,0,none,baostock,query_history_k_data_plus
002233,SZSE.002233,,SZ,A股-深交所,2022-04-11,11.03,11.03,10.58,10.67,11.5,56733147,613853802.82,-7.2174,4.7601,1,0,none,baostock,query_history_k_data_plus
002233,SZSE.002233,,SZ,A股-深交所,2022-04-12,10.58,10.59,10.23,10.48,10.67,36604431,379888633.69,-1.7807,3.0712,1,0,none,baostock,query_history_k_data_plus
002233,SZSE.002233,,SZ,A股-深交所,2022-04-13,10.36,10.44,10.11,10.12,10.48,28030477,286074088.04,-3.4351,2.3518,1,0,none,baostock,query_history_k_data_plus
002233,SZSE.002233,,SZ,A股-深交所,2022-04-14,10.19,10.29,10.09,10.21,10.12,21871339,222575473.15,0.8893,1.8351,1,0,none,baostock,query_history_k_data_plus
002233,SZSE.002233,,SZ,A股-深交所,2022-04-15,10.17,10.33,10.11,10.14,10.21,22530248,230334500.92,-0.6856,1.8903,1,0,none,baostock,query_history_k_data_plus
002233,SZSE.002233,,SZ,A股-深交所,2022-04-18,10.1,10.1,9.83,9.98,10.14,16947590,169084406.83,-1.5779,1.4219,1,0,none,baostock,query_history_k_data_plus
002233,SZSE.002233,,SZ,A股-深交所,2022-04-19,9.91,9.98,9.73,9.87,9.98,23058563,226682817.25,-1.1022,1.9347,1,0,none,baostock,query_history_k_data_plus
002233,SZSE.002233,,SZ,A股-深交所,2022-04-20,9.87,9.87,9.61,9.63,9.87,20142799,195683419.3,-2.4316,1.69,1,0,none,baostock,query_history_k_data_plus
002233,SZSE.002233,,SZ,A股-深交所,2022-04-21,9.6,9.61,9.31,9.36,9.63,20228341,190825522.02,-2.8037,1.6972,1,0,none,baostock,query_history_k_data_plus
002233,SZSE.002233,,SZ,A股-深交所,2022-04-22,9.42,9.49,9.21,9.46,9.36,15573361,145965022.52,1.0684,1.3066,1,0,none,baostock,query_history_k_data_plus
002233,SZSE.002233,,SZ,A股-深交所,2022-04-25,9.33,9.44,9.02,9.02,9.46,18119497,166929105.6,-4.6512,1.5203,1,0,none,baostock,query_history_k_data_plus
002233,SZSE.002233,,SZ,A股-深交所,2022-04-26,9.08,9.16,8.96,8.98,9.02,11651187,105364020.11,-0.4435,0.9776,1,0,none,baostock,query_history_k_data_plus
002233,SZSE.002233,,SZ,A股-深交所,2022-04-27,9.0,9.48,9.0,9.45,8.98,23424356,218192868.27,5.2339,1.9654,1,0,none,baostock,query_history_k_data_plus
002233,SZSE.002233,,SZ,A股-深交所,2022-04-28,9.4,9.43,9.16,9.31,9.45,15502815,144050874.67,-1.4815,1.3007,1,0,none,baostock,query_history_k_data_plus
002233,SZSE.002233,,SZ,A股-深交所,2022-04-29,8.79,8.8,8.51,8.78,8.69,20598962,178318795.39,1.0357,1.7283,1,0,none,baostock,query_history_k_data_plus
002233,SZSE.002233,,SZ,A股-深交所,2022-05-05,8.78,8.89,8.72,8.88,8.78,12237773,107971292.65,1.139,1.0268,1,0,none,baostock,query_history_k_data_plus
002233,SZSE.002233,,SZ,A股-深交所,2022-05-06,8.71,8.78,8.58,8.61,8.88,11029400,95569870.91,-3.0405,0.9254,1,0,none,baostock,query_history_k_data_plus
002233,SZSE.002233,,SZ,A股-深交所,2022-05-09,8.65,8.82,8.65,8.74,8.61,7800420,68280226.22,1.5099,0.6545,1,0,none,baostock,query_history_k_data_plus
002233,SZSE.002233,,SZ,A股-深交所,2022-05-10,8.66,8.87,8.62,8.87,8.74,13131689,115456334.07,1.4874,1.1018,1,0,none,baostock,query_history_k_data_plus
002233,SZSE.002233,,SZ,A股-深交所,2022-05-11,8.87,9.0,8.8,8.82,8.87,12241657,109110147.06,-0.5637,1.0271,1,0,none,baostock,query_history_k_data_plus
002233,SZSE.002233,,SZ,A股-深交所,2022-05-12,8.8,8.87,8.7,8.83,8.82,8434000,74144867.12,0.1134,0.7076,1,0,none,baostock,query_history_k_data_plus
002233,SZSE.002233,,SZ,A股-深交所,2022-05-13,8.83,8.93,8.78,8.86,8.83,9468447,83633613.53,0.3398,0.7944,1,0,none,baostock,query_history_k_data_plus
002233,SZSE.002233,,SZ,A股-深交所,2022-05-16,8.93,8.95,8.77,8.81,8.86,9101084,80452947.47,-0.5643,0.7636,1,0,none,baostock,query_history_k_data_plus
002233,SZSE.002233,,SZ,A股-深交所,2022-05-17,8.82,8.82,8.65,8.74,8.81,9340832,81434209.06,-0.7946,0.7837,1,0,none,baostock,query_history_k_data_plus
002233,SZSE.002233,,SZ,A股-深交所,2022-05-18,8.74,8.86,8.71,8.8,8.74,9442744,83240017.95,0.6865,0.7923,1,0,none,baostock,query_history_k_data_plus
002233,SZSE.002233,,SZ,A股-深交所,2022-05-19,8.71,8.86,8.68,8.85,8.8,7944976,69850636.61,0.5682,0.6666,1,0,none,baostock,query_history_k_data_plus
002233,SZSE.002233,,SZ,A股-深交所,2022-05-20,8.84,8.94,8.82,8.93,8.85,9528797,84671504.64,0.904,0.7995,1,0,none,baostock,query_history_k_data_plus
002233,SZSE.002233,,SZ,A股-深交所,2022-05-23,8.93,8.93,8.86,8.93,8.93,6722511,59824395.39,0.0,0.564,1,0,none,baostock,query_history_k_data_plus
002233,SZSE.002233,,SZ,A股-深交所,2022-05-24,8.92,8.94,8.62,8.64,8.93,11712559,102613390.7,-3.2475,0.9827,1,0,none,baostock,query_history_k_data_plus
002233,SZSE.002233,,SZ,A股-深交所,2022-05-25,8.65,8.72,8.6,8.69,8.64,5834790,50628194.15,0.5787,0.4896,1,0,none,baostock,query_history_k_data_plus
002233,SZSE.002233,,SZ,A股-深交所,2022-05-26,8.73,8.85,8.68,8.81,8.69,8651615,76090024.32,1.3809,0.7259,1,0,none,baostock,query_history_k_data_plus
002233,SZSE.002233,,SZ,A股-深交所,2022-05-27,8.81,8.84,8.75,8.81,8.81,6755732,59403502.65,0.0,0.5668,1,0,none,baostock,query_history_k_data_plus
002233,SZSE.002233,,SZ,A股-深交所,2022-05-30,8.82,8.85,8.71,8.79,8.81,5634100,49475975.39,-0.227,0.4727,1,0,none,baostock,query_history_k_data_plus
002233,SZSE.002233,,SZ,A股-深交所,2022-05-31,8.82,8.84,8.74,8.84,8.79,6435935,56638259.49,0.5688,0.54,1,0,none,baostock,query_history_k_data_plus
002233,SZSE.002233,,SZ,A股-深交所,2022-06-01,8.83,8.89,8.79,8.85,8.84,7093300,62758667.0,0.1131,0.5951,1,0,none,baostock,query_history_k_data_plus
002233,SZSE.002233,,SZ,A股-深交所,2022-06-02,8.88,8.88,8.71,8.76,8.85,12201700,107238058.92,-1.0169,1.0238,1,0,none,baostock,query_history_k_data_plus
002233,SZSE.002233,,SZ,A股-深交所,2022-06-06,8.74,8.83,8.69,8.83,8.76,11282163,98920035.25,0.7991,0.9466,1,0,none,baostock,query_history_k_data_plus
002233,SZSE.002233,,SZ,A股-深交所,2022-06-07,8.85,8.86,8.78,8.82,8.83,10171966,89677067.49,-0.1133,0.8535,1,0,none,baostock,query_history_k_data_plus
002233,SZSE.002233,,SZ,A股-深交所,2022-06-08,8.8,8.86,8.73,8.82,8.82,9792524,86186149.02,0.0,0.8216,1,0,none,baostock,query_history_k_data_plus
002233,SZSE.002233,,SZ,A股-深交所,2022-06-09,8.82,8.86,8.77,8.84,8.82,11102648,97890037.39,0.2268,0.9315,1,0,none,baostock,query_history_k_data_plus
002233,SZSE.002233,,SZ,A股-深交所,2022-06-10,8.82,8.85,8.73,8.84,8.84,10897430,96110642.12,0.0,0.9143,1,0,none,baostock,query_history_k_data_plus
002233,SZSE.002233,,SZ,A股-深交所,2022-06-13,8.79,8.82,8.68,8.73,8.84,12340993,107811750.16,-1.2443,1.0354,1,0,none,baostock,query_history_k_data_plus
002233,SZSE.002233,,SZ,A股-深交所,2022-06-14,8.68,8.76,8.58,8.75,8.73,9595525,82994990.15,0.2291,0.8051,1,0,none,baostock,query_history_k_data_plus
002233,SZSE.002233,,SZ,A股-深交所,2022-06-15,8.76,9.14,8.76,9.11,8.75,28258723,253342384.09,4.1143,2.371,1,0,none,baostock,query_history_k_data_plus
002233,SZSE.002233,,SZ,A股-深交所,2022-06-16,9.05,9.05,8.91,8.94,9.11,15744101,141171494.22,-1.8661,1.321,1,0,none,baostock,query_history_k_data_plus
002233,SZSE.002233,,SZ,A股-深交所,2022-06-17,8.9,8.94,8.82,8.91,8.94,8256850,73413233.97,-0.3356,0.6928,1,0,none,baostock,query_history_k_data_plus
002233,SZSE.002233,,SZ,A股-深交所,2022-06-20,8.92,9.03,8.9,8.92,8.91,9123733,81576718.59,0.1122,0.7655,1,0,none,baostock,query_history_k_data_plus
002233,SZSE.002233,,SZ,A股-深交所,2022-06-21,8.92,9.0,8.88,8.96,8.92,8404967,75049667.51,0.4484,0.7052,1,0,none,baostock,query_history_k_data_plus
002233,SZSE.002233,,SZ,A股-深交所,2022-06-22,8.96,8.97,8.82,8.83,8.96,7299599,64786512.55,-1.4509,0.6125,1,0,none,baostock,query_history_k_data_plus
002233,SZSE.002233,,SZ,A股-深交所,2022-06-23,8.81,8.88,8.76,8.88,8.83,7098399,62601415.55,0.5663,0.5956,1,0,none,baostock,query_history_k_data_plus
002233,SZSE.002233,,SZ,A股-深交所,2022-06-24,8.96,8.96,8.85,8.89,8.88,7307596,65031480.94,0.1126,0.6131,1,0,none,baostock,query_history_k_data_plus
002233,SZSE.002233,,SZ,A股-深交所,2022-06-27,8.9,8.94,8.87,8.87,8.89,8464478,75284963.42,-0.225,0.7102,1,0,none,baostock,query_history_k_data_plus
002233,SZSE.002233,,SZ,A股-深交所,2022-06-28,8.86,8.9,8.81,8.9,8.87,9171142,81279460.19,0.3382,0.7695,1,0,none,baostock,query_history_k_data_plus
002233,SZSE.002233,,SZ,A股-深交所,2022-06-29,8.91,8.98,8.83,8.85,8.9,16686800,148848207.0,-0.5618,1.4001,1,0,none,baostock,query_history_k_data_plus
002233,SZSE.002233,,SZ,A股-深交所,2022-06-30,8.85,8.89,8.81,8.85,8.85,12002600,106288930.83,0.0,1.007,1,0,none,baostock,query_history_k_data_plus
002233,SZSE.002233,,SZ,A股-深交所,2022-07-01,8.85,8.9,8.82,8.87,8.85,8700874,77090952.96,0.226,0.73,1,0,none,baostock,query_history_k_data_plus
002233,SZSE.002233,,SZ,A股-深交所,2022-07-04,8.88,8.89,8.83,8.87,8.87,9065378,80363068.34,0.0,0.7606,1,0,none,baostock,query_history_k_data_plus
002233,SZSE.002233,,SZ,A股-深交所,2022-07-05,8.87,8.88,8.74,8.78,8.87,12984195,114348282.04,-1.0147,1.0894,1,0,none,baostock,query_history_k_data_plus
002233,SZSE.002233,,SZ,A股-深交所,2022-07-06,8.76,8.77,8.6,8.62,8.78,12741689,110288859.98,-1.8223,1.0691,1,0,none,baostock,query_history_k_data_plus
002233,SZSE.002233,,SZ,A股-深交所,2022-07-07,8.63,8.67,8.59,8.63,8.62,5789300,49991569.0,0.116,0.4857,1,0,none,baostock,query_history_k_data_plus
002233,SZSE.002233,,SZ,A股-深交所,2022-07-08,8.61,8.69,8.61,8.63,8.63,5629064,48684697.3,0.0,0.4723,1,0,none,baostock,query_history_k_data_plus
002233,SZSE.002233,,SZ,A股-深交所,2022-07-11,8.62,8.65,8.53,8.56,8.63,7305721,62614408.01,-0.8111,0.613,1,0,none,baostock,query_history_k_data_plus
002233,SZSE.002233,,SZ,A股-深交所,2022-07-12,8.53,8.64,8.53,8.6,8.56,5093942,43828627.4,0.4673,0.4274,1,0,none,baostock,query_history_k_data_plus
002233,SZSE.002233,,SZ,A股-深交所,2022-07-13,8.62,8.7,8.6,8.63,8.6,5351233,46301847.38,0.3488,0.449,1,0,none,baostock,query_history_k_data_plus
002233,SZSE.002233,,SZ,A股-深交所,2022-07-14,8.65,8.65,8.51,8.53,8.63,5949814,50854717.84,-1.1587,0.4992,1,0,none,baostock,query_history_k_data_plus
002233,SZSE.002233,,SZ,A股-深交所,2022-07-15,8.39,8.43,8.21,8.21,8.53,13062749,108768563.09,-3.7515,1.096,1,0,none,baostock,query_history_k_data_plus
002233,SZSE.002233,,SZ,A股-深交所,2022-07-18,8.23,8.36,8.22,8.34,8.21,5536331,45989886.12,1.5834,0.4645,1,0,none,baostock,query_history_k_data_plus
002233,SZSE.002233,,SZ,A股-深交所,2022-07-19,8.34,8.36,8.26,8.34,8.34,4947482,41133352.27,0.0,0.4151,1,0,none,baostock,query_history_k_data_plus
002233,SZSE.002233,,SZ,A股-深交所,2022-07-20,8.35,8.36,8.29,8.35,8.34,5119422,42673827.0,0.1199,0.4295,1,0,none,baostock,query_history_k_data_plus
002233,SZSE.002233,,SZ,A股-深交所,2022-07-21,8.34,8.34,8.28,8.28,8.35,5341000,44366631.04,-0.8383,0.4481,1,0,none,baostock,query_history_k_data_plus
002233,SZSE.002233,,SZ,A股-深交所,2022-07-22,8.28,8.33,8.16,8.22,8.28,6826691,56225848.92,-0.7246,0.5728,1,0,none,baostock,query_history_k_data_plus
002233,SZSE.002233,,SZ,A股-深交所,2022-07-25,8.2,8.26,8.19,8.21,8.22,3361045,27614526.55,-0.1217,0.282,1,0,none,baostock,query_history_k_data_plus
002233,SZSE.002233,,SZ,A股-深交所,2022-07-26,8.22,8.28,8.18,8.24,8.21,3720706,30607279.37,0.3654,0.3122,1,0,none,baostock,query_history_k_data_plus
002233,SZSE.002233,,SZ,A股-深交所,2022-07-27,8.24,8.3,8.22,8.29,8.24,3691858,30474888.11,0.6068,0.3098,1,0,none,baostock,query_history_k_data_plus
002233,SZSE.002233,,SZ,A股-深交所,2022-07-28,8.3,8.32,8.28,8.31,8.29,4436553,36840348.9,0.2413,0.3722,1,0,none,baostock,query_history_k_data_plus
002233,SZSE.002233,,SZ,A股-深交所,2022-07-29,8.3,8.31,8.23,8.25,8.31,3712548,30693105.88,-0.722,0.3115,1,0,none,baostock,query_history_k_data_plus
002233,SZSE.002233,,SZ,A股-深交所,2022-08-01,8.25,8.28,8.17,8.22,8.25,3740390,30700967.28,-0.3636,0.3138,1,0,none,baostock,query_history_k_data_plus
002233,SZSE.002233,,SZ,A股-深交所,2022-08-02,8.15,8.16,7.89,7.96,8.22,9997900,79623070.82,-3.163,0.8388,1,0,none,baostock,query_history_k_data_plus
002233,SZSE.002233,,SZ,A股-深交所,2022-08-03,7.93,8.03,7.86,7.86,7.96,6562522,52056393.94,-1.2563,0.5506,1,0,none,baostock,query_history_k_data_plus
002233,SZSE.002233,,SZ,A股-深交所,2022-08-04,7.86,7.93,7.77,7.83,7.86,7030724,55015413.22,-0.3817,0.5899,1,0,none,baostock,query_history_k_data_plus
002233,SZSE.002233,,SZ,A股-深交所,2022-08-05,7.84,7.96,7.76,7.95,7.83,5762509,45281400.71,1.5326,0.4835,1,0,none,baostock,query_history_k_data_plus
002233,SZSE.002233,,SZ,A股-深交所,2022-08-08,7.94,8.05,7.9,8.02,7.95,4786822,38269993.02,0.8805,0.4016,1,0,none,baostock,query_history_k_data_plus
002233,SZSE.002233,,SZ,A股-深交所,2022-08-09,8.0,8.01,7.9,7.9,8.02,4228107,33521585.26,-1.4963,0.3547,1,0,none,baostock,query_history_k_data_plus
002233,SZSE.002233,,SZ,A股-深交所,2022-08-10,7.88,7.98,7.87,7.91,7.9,3673931,29065554.39,0.1266,0.3083,1,0,none,baostock,query_history_k_data_plus
002233,SZSE.002233,,SZ,A股-深交所,2022-08-11,7.93,8.0,7.91,7.99,7.91,5419852,43188946.53,1.0114,0.4547,1,0,none,baostock,query_history_k_data_plus
002233,SZSE.002233,,SZ,A股-深交所,2022-08-12,8.04,8.06,8.01,8.04,7.99,5367495,43131649.98,0.6258,0.4503,1,0,none,baostock,query_history_k_data_plus
002233,SZSE.002233,,SZ,A股-深交所,2022-08-15,8.04,8.05,7.98,8.01,8.04,4362691,34963302.0,-0.3731,0.366,1,0,none,baostock,query_history_k_data_plus
002233,SZSE.002233,,SZ,A股-深交所,2022-08-16,8.05,8.19,8.03,8.14,8.01,8006345,64985190.48,1.623,0.6718,1,0,none,baostock,query_history_k_data_plus
002233,SZSE.002233,,SZ,A股-深交所,2022-08-17,8.13,8.15,8.06,8.12,8.14,5191067,42070113.32,-0.2457,0.4355,1,0,none,baostock,query_history_k_data_plus
002233,SZSE.002233,,SZ,A股-深交所,2022-08-18,8.11,8.13,8.01,8.02,8.12,3957501,31868236.01,-1.2315,0.332,1,0,none,baostock,query_history_k_data_plus
002233,SZSE.002233,,SZ,A股-深交所,2022-08-19,8.04,8.07,7.99,7.99,8.02,4463100,35801634.49,-0.3741,0.3745,1,0,none,baostock,query_history_k_data_plus
002233,SZSE.002233,,SZ,A股-深交所,2022-08-22,7.98,8.07,7.96,8.07,7.99,4103864,32962602.06,1.0013,0.3443,1,0,none,baostock,query_history_k_data_plus
002233,SZSE.002233,,SZ,A股-深交所,2022-08-23,8.04,8.05,7.98,8.03,8.07,3573418,28625881.54,-0.4957,0.2998,1,0,none,baostock,query_history_k_data_plus
002233,SZSE.002233,,SZ,A股-深交所,2022-08-24,8.04,8.04,7.88,7.89,8.03,5608553,44553548.25,-1.7435,0.4706,1,0,none,baostock,query_history_k_data_plus
002233,SZSE.002233,,SZ,A股-深交所,2022-08-25,7.91,7.99,7.88,7.98,7.89,3824593,30395212.77,1.1407,0.3209,1,0,none,baostock,query_history_k_data_plus
002233,SZSE.002233,,SZ,A股-深交所,2022-08-26,8.01,8.02,7.92,7.92,7.98,2852357,22656184.44,-0.7519,0.2393,1,0,none,baostock,query_history_k_data_plus
002233,SZSE.002233,,SZ,A股-深交所,2022-08-29,7.89,7.94,7.85,7.92,7.92,2751400,21717592.0,0.0,0.2308,1,0,none,baostock,query_history_k_data_plus
002233,SZSE.002233,,SZ,A股-深交所,2022-08-30,7.91,8.02,7.9,7.94,7.92,2649250,21016678.51,0.2525,0.2223,1,0,none,baostock,query_history_k_data_plus
002233,SZSE.002233,,SZ,A股-深交所,2022-08-31,7.93,7.98,7.9,7.92,7.94,3771801,29896416.91,-0.2519,0.3165,1,0,none,baostock,query_history_k_data_plus
002233,SZSE.002233,,SZ,A股-深交所,2022-09-01,7.92,7.98,7.87,7.9,7.92,4233123,33511480.24,-0.2525,0.3552,1,0,none,baostock,query_history_k_data_plus
002233,SZSE.002233,,SZ,A股-深交所,2022-09-02,7.9,7.93,7.86,7.9,7.9,4090577,32266112.55,0.0,0.3432,1,0,none,baostock,query_history_k_data_plus
002233,SZSE.002233,,SZ,A股-深交所,2022-09-05,7.88,7.98,7.86,7.96,7.9,5155793,40821540.68,0.7595,0.4326,1,0,none,baostock,query_history_k_data_plus
002233,SZSE.002233,,SZ,A股-深交所,2022-09-06,7.97,7.97,7.92,7.96,7.96,4457034,35426806.06,0.0,0.374,1,0,none,baostock,query_history_k_data_plus
002233,SZSE.002233,,SZ,A股-深交所,2022-09-07,7.95,7.95,7.89,7.9,7.96,4876525,38570439.83,-0.7538,0.4092,1,0,none,baostock,query_history_k_data_plus
002233,SZSE.002233,,SZ,A股-深交所,2022-09-08,7.91,7.95,7.89,7.9,7.9,2815089,22273933.9,0.0,0.2362,1,0,none,baostock,query_history_k_data_plus
002233,SZSE.002233,,SZ,A股-深交所,2022-09-09,7.94,8.08,7.92,8.06,7.9,10998592,88314040.49,2.0253,0.9228,1,0,none,baostock,query_history_k_data_plus
002233,SZSE.002233,,SZ,A股-深交所,2022-09-13,8.06,8.1,8.01,8.02,8.06,6085901,48990046.74,-0.4963,0.5106,1,0,none,baostock,query_history_k_data_plus
002233,SZSE.002233,,SZ,A股-深交所,2022-09-14,7.95,8.01,7.93,7.94,8.02,4821664,38360675.02,-0.9975,0.4045,1,0,none,baostock,query_history_k_data_plus
002233,SZSE.002233,,SZ,A股-深交所,2022-09-15,7.98,8.04,7.91,7.97,7.94,5619700,44846491.57,0.3778,0.4715,1,0,none,baostock,query_history_k_data_plus
002233,SZSE.002233,,SZ,A股-深交所,2022-09-16,7.94,7.97,7.71,7.74,7.97,8176811,64073845.34,-2.8858,0.6861,1,0,none,baostock,query_history_k_data_plus
002233,SZSE.002233,,SZ,A股-深交所,2022-09-19,7.73,7.78,7.6,7.7,7.74,5226776,40091693.07,-0.5168,0.4385,1,0,none,baostock,query_history_k_data_plus
002233,SZSE.002233,,SZ,A股-深交所,2022-09-20,7.71,7.75,7.66,7.66,7.7,3247402,25015864.38,-0.5195,0.2725,1,0,none,baostock,query_history_k_data_plus
002233,SZSE.002233,,SZ,A股-深交所,2022-09-21,7.65,7.78,7.55,7.76,7.66,4034199,30994033.98,1.3055,0.3385,1,0,none,baostock,query_history_k_data_plus
002233,SZSE.002233,,SZ,A股-深交所,2022-09-22,7.7,7.76,7.69,7.74,7.76,2331979,18011249.51,-0.2577,0.1957,1,0,none,baostock,query_history_k_data_plus
002233,SZSE.002233,,SZ,A股-深交所,2022-09-23,7.74,7.83,7.7,7.78,7.74,3760384,29218010.28,0.5168,0.3155,1,0,none,baostock,query_history_k_data_plus
002233,SZSE.002233,,SZ,A股-深交所,2022-09-26,7.75,7.8,7.63,7.63,7.78,3756082,28974442.79,-1.928,0.3151,1,0,none,baostock,query_history_k_data_plus
002233,SZSE.002233,,SZ,A股-深交所,2022-09-27,7.62,7.75,7.57,7.73,7.63,2836406,21764385.57,1.3106,0.238,1,0,none,baostock,query_history_k_data_plus
002233,SZSE.002233,,SZ,A股-深交所,2022-09-28,7.73,7.73,7.59,7.62,7.73,3011434,23043409.75,-1.423,0.2527,1,0,none,baostock,query_history_k_data_plus
002233,SZSE.002233,,SZ,A股-深交所,2022-09-29,7.66,7.72,7.5,7.51,7.62,3441748,26104274.0,-1.4436,0.2888,1,0,none,baostock,query_history_k_data_plus
002233,SZSE.002233,,SZ,A股-深交所,2022-09-30,7.53,7.6,7.48,7.5,7.51,3121580,23535460.59,-0.1332,0.2619,1,0,none,baostock,query_history_k_data_plus
002233,SZSE.002233,,SZ,A股-深交所,2022-10-10,7.5,7.6,7.47,7.47,7.5,3928011,29602318.49,-0.4,0.3296,1,0,none,baostock,query_history_k_data_plus
002233,SZSE.002233,,SZ,A股-深交所,2022-10-11,7.45,7.5,7.35,7.47,7.47,3682761,27396964.02,0.0,0.309,1,0,none,baostock,query_history_k_data_plus
002233,SZSE.002233,,SZ,A股-深交所,2022-10-12,7.46,7.65,7.4,7.63,7.47,4088326,30759910.06,2.1419,0.343,1,0,none,baostock,query_history_k_data_plus
002233,SZSE.002233,,SZ,A股-深交所,2022-10-13,7.6,7.64,7.53,7.6,7.63,2554207,19375493.5,-0.3932,0.2143,1,0,none,baostock,query_history_k_data_plus
002233,SZSE.002233,,SZ,A股-深交所,2022-10-14,7.65,7.71,7.61,7.7,7.6,3442434,26450585.19,1.3158,0.2888,1,0,none,baostock,query_history_k_data_plus
002233,SZSE.002233,,SZ,A股-深交所,2022-10-17,7.68,7.75,7.64,7.73,7.7,2650210,20415296.3,0.3896,0.2224,1,0,none,baostock,query_history_k_data_plus
002233,SZSE.002233,,SZ,A股-深交所,2022-10-18,7.73,7.76,7.66,7.67,7.73,2784822,21403807.86,-0.7762,0.2337,1,0,none,baostock,query_history_k_data_plus
002233,SZSE.002233,,SZ,A股-深交所,2022-10-19,7.65,7.68,7.58,7.58,7.67,3630600,27658219.0,-1.1734,0.3046,1,0,none,baostock,query_history_k_data_plus
002233,SZSE.002233,,SZ,A股-深交所,2022-10-20,7.58,7.66,7.52,7.57,7.58,2582700,19557796.0,-0.1319,0.2167,1,0,none,baostock,query_history_k_data_plus
002233,SZSE.002233,,SZ,A股-深交所,2022-10-21,7.6,7.65,7.53,7.58,7.57,1969295,14947734.78,0.1321,0.1652,1,0,none,baostock,query_history_k_data_plus
002233,SZSE.002233,,SZ,A股-深交所,2022-10-24,7.54,7.66,7.37,7.41,7.58,4376428,32786584.36,-2.2427,0.3672,1,0,none,baostock,query_history_k_data_plus
002233,SZSE.002233,,SZ,A股-深交所,2022-10-25,7.38,7.48,7.37,7.38,7.41,2551990,18898985.3,-0.4049,0.2141,1,0,none,baostock,query_history_k_data_plus
002233,SZSE.002233,,SZ,A股-深交所,2022-10-26,7.18,7.18,7.0,7.02,7.38,14225761,100428805.45,-4.878,1.1936,1,0,none,baostock,query_history_k_data_plus
002233,SZSE.002233,,SZ,A股-深交所,2022-10-27,6.99,7.06,6.96,7.05,7.02,6060000,42560963.96,0.4274,0.5084,1,0,none,baostock,query_history_k_data_plus
002233,SZSE.002233,,SZ,A股-深交所,2022-10-28,7.02,7.04,6.71,6.77,7.05,8571454,59180987.89,-3.9716,0.7192,1,0,none,baostock,query_history_k_data_plus
002233,SZSE.002233,,SZ,A股-深交所,2022-10-31,6.76,6.83,6.64,6.75,6.77,5531379,37136719.14,-0.2954,0.4641,1,0,none,baostock,query_history_k_data_plus
002233,SZSE.002233,,SZ,A股-深交所,2022-11-01,6.73,6.97,6.73,6.95,6.75,5768935,39610869.19,2.963,0.484,1,0,none,baostock,query_history_k_data_plus
002233,SZSE.002233,,SZ,A股-深交所,2022-11-02,6.99,7.01,6.93,7.01,6.95,4422073,30833881.79,0.8633,0.371,1,0,none,baostock,query_history_k_data_plus
002233,SZSE.002233,,SZ,A股-深交所,2022-11-03,6.97,6.99,6.92,6.95,7.01,2615769,18185111.48,-0.8559,0.2195,1,0,none,baostock,query_history_k_data_plus
002233,SZSE.002233,,SZ,A股-深交所,2022-11-04,6.97,7.06,6.93,7.04,6.95,4749700,33342117.0,1.295,0.3985,1,0,none,baostock,query_history_k_data_plus
002233,SZSE.002233,,SZ,A股-深交所,2022-11-07,7.04,7.11,7.01,7.07,7.04,3578838,25299415.7,0.4261,0.3003,1,0,none,baostock,query_history_k_data_plus
002233,SZSE.002233,,SZ,A股-深交所,2022-11-08,7.08,7.21,7.03,7.19,7.07,5793550,41401723.71,1.6973,0.4861,1,0,none,baostock,query_history_k_data_plus
002233,SZSE.002233,,SZ,A股-深交所,2022-11-09,7.2,7.26,7.15,7.15,7.19,3424677,24629985.27,-0.5563,0.2873,1,0,none,baostock,query_history_k_data_plus
002233,SZSE.002233,,SZ,A股-深交所,2022-11-10,7.11,7.17,7.08,7.15,7.15,3678056,26221200.78,0.0,0.3086,1,0,none,baostock,query_history_k_data_plus
002233,SZSE.002233,,SZ,A股-深交所,2022-11-11,7.23,7.36,7.21,7.32,7.15,7531951,54979029.67,2.3776,0.6319,1,0,none,baostock,query_history_k_data_plus
002233,SZSE.002233,,SZ,A股-深交所,2022-11-14,7.38,7.44,7.3,7.37,7.32,6293515,46344661.33,0.6831,0.528,1,0,none,baostock,query_history_k_data_plus
002233,SZSE.002233,,SZ,A股-深交所,2022-11-15,7.35,7.43,7.31,7.42,7.37,5462796,40405602.28,0.6784,0.4583,1,0,none,baostock,query_history_k_data_plus
002233,SZSE.002233,,SZ,A股-深交所,2022-11-16,7.41,7.48,7.38,7.4,7.42,3127684,23171051.98,-0.2695,0.2624,1,0,none,baostock,query_history_k_data_plus
002233,SZSE.002233,,SZ,A股-深交所,2022-11-17,7.42,7.48,7.37,7.47,7.4,4328302,32145711.9,0.9459,0.3632,1,0,none,baostock,query_history_k_data_plus
002233,SZSE.002233,,SZ,A股-深交所,2022-11-18,7.48,7.5,7.43,7.48,7.47,3945085,29475075.63,0.1339,0.331,1,0,none,baostock,query_history_k_data_plus
002233,SZSE.002233,,SZ,A股-深交所,2022-11-21,7.48,7.51,7.35,7.5,7.48,4914417,36619132.03,0.2674,0.4123,1,0,none,baostock,query_history_k_data_plus
002233,SZSE.002233,,SZ,A股-深交所,2022-11-22,7.52,7.57,7.44,7.48,7.5,3704451,27750407.91,-0.2667,0.3108,1,0,none,baostock,query_history_k_data_plus
002233,SZSE.002233,,SZ,A股-深交所,2022-11-23,7.48,7.52,7.43,7.45,7.48,4916086,36754341.7,-0.4011,0.4125,1,0,none,baostock,query_history_k_data_plus
002233,SZSE.002233,,SZ,A股-深交所,2022-11-24,7.49,7.56,7.46,7.48,7.45,3404810,25541839.39,0.4027,0.2857,1,0,none,baostock,query_history_k_data_plus
002233,SZSE.002233,,SZ,A股-深交所,2022-11-25,7.45,7.55,7.45,7.53,7.48,3839730,28892730.68,0.6684,0.3222,1,0,none,baostock,query_history_k_data_plus
002233,SZSE.002233,,SZ,A股-深交所,2022-11-28,7.48,7.52,7.4,7.51,7.53,3827339,28565009.13,-0.2656,0.3211,1,0,none,baostock,query_history_k_data_plus
002233,SZSE.002233,,SZ,A股-深交所,2022-11-29,7.61,7.75,7.55,7.71,7.51,10373328,79485106.35,2.6631,0.8703,1,0,none,baostock,query_history_k_data_plus
002233,SZSE.002233,,SZ,A股-深交所,2022-11-30,7.72,7.75,7.6,7.62,7.71,5443412,41758775.71,-1.1673,0.4567,1,0,none,baostock,query_history_k_data_plus
002233,SZSE.002233,,SZ,A股-深交所,2022-12-01,7.66,7.72,7.62,7.62,7.62,4364259,33427110.85,0.0,0.3662,1,0,none,baostock,query_history_k_data_plus
002233,SZSE.002233,,SZ,A股-深交所,2022-12-02,7.63,7.66,7.55,7.62,7.62,4718631,35860797.71,0.0,0.3959,1,0,none,baostock,query_history_k_data_plus
002233,SZSE.002233,,SZ,A股-深交所,2022-12-05,7.69,7.76,7.63,7.74,7.62,6791807,52353244.85,1.5748,0.5698,1,0,none,baostock,query_history_k_data_plus
002233,SZSE.002233,,SZ,A股-深交所,2022-12-06,7.74,7.75,7.68,7.72,7.74,4409989,34035589.48,-0.2584,0.37,1,0,none,baostock,query_history_k_data_plus
002233,SZSE.002233,,SZ,A股-深交所,2022-12-07,7.75,7.75,7.61,7.64,7.72,6052015,46338567.31,-1.0363,0.5078,1,0,none,baostock,query_history_k_data_plus
002233,SZSE.002233,,SZ,A股-深交所,2022-12-08,7.61,7.72,7.6,7.69,7.64,6928908,53040114.26,0.6545,0.5814,1,0,none,baostock,query_history_k_data_plus
002233,SZSE.002233,,SZ,A股-深交所,2022-12-09,7.71,8.03,7.7,7.93,7.69,24426832,193249641.62,3.1209,2.0495,1,0,none,baostock,query_history_k_data_plus
002233,SZSE.002233,,SZ,A股-深交所,2022-12-12,7.88,7.9,7.57,7.59,7.93,14347424,110396869.73,-4.2875,1.2038,1,0,none,baostock,query_history_k_data_plus
002233,SZSE.002233,,SZ,A股-深交所,2022-12-13,7.59,7.71,7.55,7.7,7.59,5412435,41387434.51,1.4493,0.4541,1,0,none,baostock,query_history_k_data_plus
002233,SZSE.002233,,SZ,A股-深交所,2022-12-14,7.7,7.7,7.6,7.61,7.7,3600096,27491586.86,-1.1688,0.3021,1,0,none,baostock,query_history_k_data_plus
002233,SZSE.002233,,SZ,A股-深交所,2022-12-15,7.61,7.65,7.52,7.53,7.61,3713160,28019243.99,-1.0512,0.3115,1,0,none,baostock,query_history_k_data_plus
002233,SZSE.002233,,SZ,A股-深交所,2022-12-16,7.53,8.01,7.53,7.86,7.53,17822344,139998865.61,4.3825,1.4953,1,0,none,baostock,query_history_k_data_plus
002233,SZSE.002233,,SZ,A股-深交所,2022-12-19,7.85,7.92,7.47,7.49,7.86,12481772,95486948.13,-4.7074,1.0473,1,0,none,baostock,query_history_k_data_plus
002233,SZSE.002233,,SZ,A股-深交所,2022-12-20,7.5,7.55,7.3,7.38,7.49,6246655,46335261.9,-1.4686,0.5241,1,0,none,baostock,query_history_k_data_plus
002233,SZSE.002233,,SZ,A股-深交所,2022-12-21,7.39,7.52,7.37,7.46,7.38,5024688,37451632.74,1.084,0.4216,1,0,none,baostock,query_history_k_data_plus
002233,SZSE.002233,,SZ,A股-深交所,2022-12-22,7.49,7.6,7.26,7.31,7.46,5178702,38396880.25,-2.0107,0.4345,1,0,none,baostock,query_history_k_data_plus
002233,SZSE.002233,,SZ,A股-深交所,2022-12-23,7.31,7.38,7.19,7.23,7.31,3957605,28725920.0,-1.0944,0.3321,1,0,none,baostock,query_history_k_data_plus
002233,SZSE.002233,,SZ,A股-深交所,2022-12-26,7.23,7.27,7.16,7.19,7.23,3798044,27357230.96,-0.5533,0.3187,1,0,none,baostock,query_history_k_data_plus
002233,SZSE.002233,,SZ,A股-深交所,2022-12-27,7.21,7.29,7.2,7.25,7.19,2265432,16440632.71,0.8345,0.1901,1,0,none,baostock,query_history_k_data_plus
002233,SZSE.002233,,SZ,A股-深交所,2022-12-28,7.26,7.27,7.17,7.18,7.25,2975570,21462076.6,-0.9655,0.2497,1,0,none,baostock,query_history_k_data_plus
002233,SZSE.002233,,SZ,A股-深交所,2022-12-29,7.18,7.2,7.04,7.06,7.18,3530671,25066000.75,-1.6713,0.2962,1,0,none,baostock,query_history_k_data_plus
002233,SZSE.002233,,SZ,A股-深交所,2022-12-30,7.06,7.14,7.05,7.1,7.06,3089510,21909775.51,0.5666,0.2592,1,0,none,baostock,query_history_k_data_plus
002233,SZSE.002233,,SZ,A股-深交所,2023-01-03,7.1,7.23,7.1,7.18,7.1,4110086,29493898.09,1.1268,0.3448,1,0,none,baostock,query_history_k_data_plus
002233,SZSE.002233,,SZ,A股-深交所,2023-01-04,7.2,7.37,7.16,7.31,7.18,5035406,36752425.16,1.8106,0.4225,1,0,none,baostock,query_history_k_data_plus
002233,SZSE.002233,,SZ,A股-深交所,2023-01-05,7.3,7.36,7.26,7.29,7.31,3014504,22019348.02,-0.2736,0.2529,1,0,none,baostock,query_history_k_data_plus
002233,SZSE.002233,,SZ,A股-深交所,2023-01-06,7.33,7.38,7.23,7.25,7.29,3310643,24134047.75,-0.5487,0.2778,1,0,none,baostock,query_history_k_data_plus
002233,SZSE.002233,,SZ,A股-深交所,2023-01-09,7.26,7.32,7.26,7.27,7.25,3146103,22916596.65,0.2759,0.264,1,0,none,baostock,query_history_k_data_plus
002233,SZSE.002233,,SZ,A股-深交所,2023-01-10,7.25,7.31,7.21,7.22,7.27,2637383,19110781.8,-0.6878,0.2213,1,0,none,baostock,query_history_k_data_plus
002233,SZSE.002233,,SZ,A股-深交所,2023-01-11,7.22,7.26,7.18,7.19,7.22,2009000,14509068.0,-0.4155,0.1686,1,0,none,baostock,query_history_k_data_plus
002233,SZSE.002233,,SZ,A股-深交所,2023-01-12,7.19,7.2,7.11,7.14,7.19,2566900,18351172.0,-0.6954,0.2154,1,0,none,baostock,query_history_k_data_plus
002233,SZSE.002233,,SZ,A股-深交所,2023-01-13,7.18,7.23,7.13,7.2,7.14,3717452,26663592.8,0.8403,0.3119,1,0,none,baostock,query_history_k_data_plus
002233,SZSE.002233,,SZ,A股-深交所,2023-01-16,7.22,7.36,7.19,7.34,7.2,6011449,43973293.64,1.9444,0.5044,1,0,none,baostock,query_history_k_data_plus
002233,SZSE.002233,,SZ,A股-深交所,2023-01-17,7.39,7.39,7.31,7.34,7.34,2583600,18957086.0,0.0,0.2168,1,0,none,baostock,query_history_k_data_plus
002233,SZSE.002233,,SZ,A股-深交所,2023-01-18,7.33,7.38,7.31,7.35,7.34,2423100,17812058.99,0.1362,0.2033,1,0,none,baostock,query_history_k_data_plus
002233,SZSE.002233,,SZ,A股-深交所,2023-01-19,7.35,7.43,7.31,7.43,7.35,3078417,22727593.11,1.0884,0.2583,1,0,none,baostock,query_history_k_data_plus
002233,SZSE.002233,,SZ,A股-深交所,2023-01-20,7.43,7.53,7.43,7.52,7.43,5071233,37989160.44,1.2113,0.4255,1,0,none,baostock,query_history_k_data_plus
002233,SZSE.002233,,SZ,A股-深交所,2023-01-30,7.6,7.66,7.57,7.61,7.52,7662725,58304347.72,1.1968,0.6429,1,0,none,baostock,query_history_k_data_plus
002233,SZSE.002233,,SZ,A股-深交所,2023-01-31,7.61,7.65,7.56,7.64,7.61,3500024,26675244.82,0.3942,0.2937,1,0,none,baostock,query_history_k_data_plus
002233,SZSE.002233,,SZ,A股-深交所,2023-02-01,7.64,7.67,7.61,7.65,7.64,5292033,40454932.99,0.1309,0.444,1,0,none,baostock,query_history_k_data_plus
002233,SZSE.002233,,SZ,A股-深交所,2023-02-02,7.69,7.73,7.65,7.69,7.65,6413113,49326605.59,0.5229,0.5381,1,0,none,baostock,query_history_k_data_plus
002233,SZSE.002233,,SZ,A股-深交所,2023-02-03,7.71,7.71,7.6,7.69,7.69,6354100,48642313.35,0.0,0.5331,1,0,none,baostock,query_history_k_data_plus
002233,SZSE.002233,,SZ,A股-深交所,2023-02-06,7.69,7.69,7.6,7.64,7.69,4444686,33908474.35,-0.6502,0.3729,1,0,none,baostock,query_history_k_data_plus
002233,SZSE.002233,,SZ,A股-深交所,2023-02-07,7.69,7.69,7.61,7.66,7.64,3238386,24750613.87,0.2618,0.2717,1,0,none,baostock,query_history_k_data_plus
002233,SZSE.002233,,SZ,A股-深交所,2023-02-08,7.68,7.71,7.62,7.64,7.66,3881866,29737931.6,-0.2611,0.3257,1,0,none,baostock,query_history_k_data_plus
002233,SZSE.002233,,SZ,A股-深交所,2023-02-09,7.63,7.69,7.61,7.69,7.64,3959199,30312212.7,0.6545,0.3322,1,0,none,baostock,query_history_k_data_plus
002233,SZSE.002233,,SZ,A股-深交所,2023-02-10,7.68,7.72,7.65,7.72,7.69,4306500,33134731.0,0.3901,0.3613,1,0,none,baostock,query_history_k_data_plus
002233,SZSE.002233,,SZ,A股-深交所,2023-02-13,7.75,7.9,7.67,7.85,7.72,8876149,69377286.85,1.6839,0.7447,1,0,none,baostock,query_history_k_data_plus
002233,SZSE.002233,,SZ,A股-深交所,2023-02-14,7.9,7.91,7.83,7.86,7.85,5971334,46979454.92,0.1274,0.501,1,0,none,baostock,query_history_k_data_plus
002233,SZSE.002233,,SZ,A股-深交所,2023-02-15,7.89,7.96,7.83,7.84,7.86,6429657,50684441.31,-0.2545,0.5395,1,0,none,baostock,query_history_k_data_plus
002233,SZSE.002233,,SZ,A股-深交所,2023-02-16,7.85,7.9,7.69,7.74,7.84,7729542,60567856.03,-1.2755,0.6485,1,0,none,baostock,query_history_k_data_plus
002233,SZSE.002233,,SZ,A股-深交所,2023-02-17,7.77,7.87,7.74,7.76,7.74,4507700,35156992.0,0.2584,0.3782,1,0,none,baostock,query_history_k_data_plus
002233,SZSE.002233,,SZ,A股-深交所,2023-02-20,7.79,7.95,7.76,7.94,7.76,8704800,68878610.0,2.3196,0.7304,1,0,none,baostock,query_history_k_data_plus
002233,SZSE.002233,,SZ,A股-深交所,2023-02-21,7.94,8.03,7.93,7.97,7.94,8189459,65284266.21,0.3778,0.6871,1,0,none,baostock,query_history_k_data_plus
002233,SZSE.002233,,SZ,A股-深交所,2023-02-22,7.94,8.04,7.9,8.02,7.97,8181689,65413782.19,0.6274,0.6865,1,0,none,baostock,query_history_k_data_plus
002233,SZSE.002233,,SZ,A股-深交所,2023-02-23,8.05,8.06,7.94,7.99,8.02,4314660,34467141.6,-0.3741,0.362,1,0,none,baostock,query_history_k_data_plus
002233,SZSE.002233,,SZ,A股-深交所,2023-02-24,7.99,8.0,7.9,7.93,7.99,3408200,27030903.48,-0.7509,0.286,1,0,none,baostock,query_history_k_data_plus
002233,SZSE.002233,,SZ,A股-深交所,2023-02-27,7.93,7.94,7.84,7.91,7.93,6481734,51186149.58,-0.2522,0.5438,1,0,none,baostock,query_history_k_data_plus
002233,SZSE.002233,,SZ,A股-深交所,2023-02-28,7.91,7.97,7.87,7.97,7.91,3460901,27435299.9,0.7585,0.2904,1,0,none,baostock,query_history_k_data_plus
002233,SZSE.002233,,SZ,A股-深交所,2023-03-01,7.98,8.1,7.95,8.08,7.97,7289319,58730922.6,1.3802,0.6116,1,0,none,baostock,query_history_k_data_plus
002233,SZSE.002233,,SZ,A股-深交所,2023-03-02,8.08,8.16,8.05,8.13,8.08,5369550,43622411.5,0.6188,0.4505,1,0,none,baostock,query_history_k_data_plus
002233,SZSE.002233,,SZ,A股-深交所,2023-03-03,8.16,8.16,8.06,8.1,8.13,4521227,36643683.41,-0.369,0.3793,1,0,none,baostock,query_history_k_data_plus
002233,SZSE.002233,,SZ,A股-深交所,2023-03-06,8.11,8.12,7.97,7.98,8.1,6662816,53326402.13,-1.4815,0.559,1,0,none,baostock,query_history_k_data_plus
002233,SZSE.002233,,SZ,A股-深交所,2023-03-07,7.99,8.04,7.89,7.9,7.98,4836667,38502510.41,-1.0025,0.4058,1,0,none,baostock,query_history_k_data_plus
002233,SZSE.002233,,SZ,A股-深交所,2023-03-08,7.9,7.96,7.83,7.91,7.9,4047458,31990846.74,0.1266,0.3396,1,0,none,baostock,query_history_k_data_plus
002233,SZSE.002233,,SZ,A股-深交所,2023-03-09,7.9,7.93,7.85,7.92,7.91,3594168,28370843.2,0.1264,0.3016,1,0,none,baostock,query_history_k_data_plus
002233,SZSE.002233,,SZ,A股-深交所,2023-03-10,7.88,7.93,7.78,7.84,7.92,4852977,38086334.52,-1.0101,0.4072,1,0,none,baostock,query_history_k_data_plus
002233,SZSE.002233,,SZ,A股-深交所,2023-03-13,7.83,7.92,7.73,7.79,7.84,4651476,36275235.3,-0.6378,0.3903,1,0,none,baostock,query_history_k_data_plus
002233,SZSE.002233,,SZ,A股-深交所,2023-03-14,7.76,7.83,7.66,7.7,7.79,3731578,28866947.6,-1.1553,0.3131,1,0,none,baostock,query_history_k_data_plus
002233,SZSE.002233,,SZ,A股-深交所,2023-03-15,7.73,7.94,7.71,7.93,7.7,5069053,39781345.35,2.987,0.4253,1,0,none,baostock,query_history_k_data_plus
002233,SZSE.002233,,SZ,A股-深交所,2023-03-16,7.92,8.04,7.8,7.81,7.93,6070057,48019604.22,-1.5132,0.5093,1,0,none,baostock,query_history_k_data_plus
002233,SZSE.002233,,SZ,A股-深交所,2023-03-17,7.87,7.93,7.82,7.86,7.81,4721018,37204249.86,0.6402,0.3961,1,0,none,baostock,query_history_k_data_plus
002233,SZSE.002233,,SZ,A股-深交所,2023-03-20,7.89,8.01,7.81,7.85,7.86,6365034,50287104.36,-0.1272,0.5342,1,0,none,baostock,query_history_k_data_plus
002233,SZSE.002233,,SZ,A股-深交所,2023-03-21,7.9,7.97,7.77,7.78,7.85,7295325,57261598.46,-0.8917,0.6123,1,0,none,baostock,query_history_k_data_plus
002233,SZSE.002233,,SZ,A股-深交所,2023-03-22,7.8,7.89,7.78,7.82,7.78,5762272,45128608.64,0.5141,0.4836,1,0,none,baostock,query_history_k_data_plus
002233,SZSE.002233,,SZ,A股-深交所,2023-03-23,7.84,7.84,7.71,7.77,7.82,6324819,49090215.43,-0.6394,0.5309,1,0,none,baostock,query_history_k_data_plus
002233,SZSE.002233,,SZ,A股-深交所,2023-03-24,7.77,7.77,7.6,7.6,7.77,7545732,57685245.02,-2.1879,0.6333,1,0,none,baostock,query_history_k_data_plus
002233,SZSE.002233,,SZ,A股-深交所,2023-03-27,7.56,7.6,7.4,7.43,7.6,7373762,55152641.23,-2.2368,0.6189,1,0,none,baostock,query_history_k_data_plus
002233,SZSE.002233,,SZ,A股-深交所,2023-03-28,7.43,7.48,7.37,7.38,7.43,5462273,40413317.71,-0.6729,0.4585,1,0,none,baostock,query_history_k_data_plus
002233,SZSE.002233,,SZ,A股-深交所,2023-03-29,7.38,7.46,7.29,7.31,7.38,5068624,37160934.96,-0.9485,0.4254,1,0,none,baostock,query_history_k_data_plus
002233,SZSE.002233,,SZ,A股-深交所,2023-03-30,7.34,7.34,7.26,7.29,7.31,4878116,35561390.34,-0.2736,0.4094,1,0,none,baostock,query_history_k_data_plus
002233,SZSE.002233,,SZ,A股-深交所,2023-03-31,7.29,7.38,7.28,7.3,7.29,4514802,33089528.18,0.1372,0.3789,1,0,none,baostock,query_history_k_data_plus
002233,SZSE.002233,,SZ,A股-深交所,2023-04-03,7.37,7.48,7.33,7.47,7.3,7764372,57737066.74,2.3288,0.6517,1,0,none,baostock,query_history_k_data_plus
002233,SZSE.002233,,SZ,A股-深交所,2023-04-04,7.45,7.5,7.42,7.46,7.47,4051611,30222382.73,-0.1339,0.3401,1,0,none,baostock,query_history_k_data_plus
002233,SZSE.002233,,SZ,A股-深交所,2023-04-06,7.46,7.54,7.4,7.49,7.46,5774913,43206800.67,0.4021,0.4847,1,0,none,baostock,query_history_k_data_plus
002233,SZSE.002233,,SZ,A股-深交所,2023-04-07,7.53,7.53,7.45,7.52,7.49,5137950,38510217.93,0.4005,0.4312,1,0,none,baostock,query_history_k_data_plus
002233,SZSE.002233,,SZ,A股-深交所,2023-04-10,7.82,8.24,7.76,8.1,7.52,39105060,315242988.59,7.7128,3.2822,1,0,none,baostock,query_history_k_data_plus
002233,SZSE.002233,,SZ,A股-深交所,2023-04-11,8.01,8.31,7.96,8.24,8.1,29305506,239010079.29,1.7284,2.4597,1,0,none,baostock,query_history_k_data_plus
002233,SZSE.002233,,SZ,A股-深交所,2023-04-12,8.22,8.24,8.1,8.16,8.24,13803866,112720122.79,-0.9709,1.1586,1,0,none,baostock,query_history_k_data_plus
002233,SZSE.002233,,SZ,A股-深交所,2023-04-13,8.17,8.2,8.07,8.16,8.16,12808322,104275398.06,0.0,1.0751,1,0,none,baostock,query_history_k_data_plus
002233,SZSE.002233,,SZ,A股-深交所,2023-04-14,8.15,8.25,8.09,8.14,8.16,8527075,69456442.55,-0.2451,0.7157,1,0,none,baostock,query_history_k_data_plus
002233,SZSE.002233,,SZ,A股-深交所,2023-04-17,8.08,8.17,8.06,8.11,8.14,8307226,67423780.91,-0.3686,0.6973,1,0,none,baostock,query_history_k_data_plus
002233,SZSE.002233,,SZ,A股-深交所,2023-04-18,8.14,8.14,8.03,8.06,8.11,7500738,60495432.76,-0.6165,0.6296,1,0,none,baostock,query_history_k_data_plus
002233,SZSE.002233,,SZ,A股-深交所,2023-04-19,8.05,8.07,7.92,7.95,8.06,8048294,64167542.21,-1.3648,0.6755,1,0,none,baostock,query_history_k_data_plus
002233,SZSE.002233,,SZ,A股-深交所,2023-04-20,7.95,7.97,7.84,7.92,7.95,9187718,72593480.88,-0.3774,0.7712,1,0,none,baostock,query_history_k_data_plus
002233,SZSE.002233,,SZ,A股-深交所,2023-04-21,7.93,7.99,7.82,7.83,7.92,7908220,62468921.11,-1.1364,0.6638,1,0,none,baostock,query_history_k_data_plus
002233,SZSE.002233,,SZ,A股-深交所,2023-04-24,7.79,7.88,7.76,7.81,7.83,9840807,76905618.14,-0.2554,0.826,1,0,none,baostock,query_history_k_data_plus
002233,SZSE.002233,,SZ,A股-深交所,2023-04-25,7.93,8.2,7.9,8.06,7.81,27061349,218361978.36,3.201,2.2714,1,0,none,baostock,query_history_k_data_plus
002233,SZSE.002233,,SZ,A股-深交所,2023-04-26,8.06,8.24,7.99,8.15,8.06,19331622,157436231.85,1.1166,1.6226,1,0,none,baostock,query_history_k_data_plus
002233,SZSE.002233,,SZ,A股-深交所,2023-04-27,8.09,8.16,8.02,8.06,8.15,13159700,106412694.87,-1.1043,1.1045,1,0,none,baostock,query_history_k_data_plus
002233,SZSE.002233,,SZ,A股-深交所,2023-04-28,7.98,8.15,7.97,8.11,7.94,14622918,118200305.18,2.1411,1.2274,1,0,none,baostock,query_history_k_data_plus
002233,SZSE.002233,,SZ,A股-深交所,2023-05-04,8.12,8.25,8.11,8.16,8.11,12219675,100025356.39,0.6165,1.0256,1,0,none,baostock,query_history_k_data_plus
002233,SZSE.002233,,SZ,A股-深交所,2023-05-05,8.18,8.25,8.03,8.21,8.16,14457208,117786437.15,0.6127,1.2134,1,0,none,baostock,query_history_k_data_plus
002233,SZSE.002233,,SZ,A股-深交所,2023-05-08,8.16,8.25,8.07,8.13,8.21,12332104,100240796.12,-0.9744,1.0351,1,0,none,baostock,query_history_k_data_plus
002233,SZSE.002233,,SZ,A股-深交所,2023-05-09,8.15,8.28,8.08,8.08,8.13,12656627,103527604.5,-0.615,1.0623,1,0,none,baostock,query_history_k_data_plus
002233,SZSE.002233,,SZ,A股-深交所,2023-05-10,8.08,8.15,8.04,8.09,8.08,6713880,54252342.89,0.1238,0.5635,1,0,none,baostock,query_history_k_data_plus
002233,SZSE.002233,,SZ,A股-深交所,2023-05-11,8.07,8.09,7.98,8.08,8.09,5219908,42047168.48,-0.1236,0.4381,1,0,none,baostock,query_history_k_data_plus
002233,SZSE.002233,,SZ,A股-深交所,2023-05-12,8.05,8.1,7.96,7.98,8.08,7105300,56961366.0,-1.2376,0.5964,1,0,none,baostock,query_history_k_data_plus
002233,SZSE.002233,,SZ,A股-深交所,2023-05-15,8.02,8.02,7.85,7.97,7.98,6570957,52074290.29,-0.1253,0.5515,1,0,none,baostock,query_history_k_data_plus
002233,SZSE.002233,,SZ,A股-深交所,2023-05-16,8.0,8.0,7.78,7.82,7.97,7366400,57799367.0,-1.8821,0.6183,1,0,none,baostock,query_history_k_data_plus
002233,SZSE.002233,,SZ,A股-深交所,2023-05-17,7.82,7.85,7.76,7.79,7.82,5819782,45380688.42,-0.3836,0.4885,1,0,none,baostock,query_history_k_data_plus
002233,SZSE.002233,,SZ,A股-深交所,2023-05-18,7.79,7.88,7.77,7.81,7.79,5784194,45315127.42,0.2567,0.4855,1,0,none,baostock,query_history_k_data_plus
002233,SZSE.002233,,SZ,A股-深交所,2023-05-19,7.8,7.81,7.66,7.67,7.81,6659488,51269910.44,-1.7926,0.559,1,0,none,baostock,query_history_k_data_plus
002233,SZSE.002233,,SZ,A股-深交所,2023-05-22,7.64,7.72,7.62,7.66,7.67,5542900,42470370.0,-0.1304,0.4652,1,0,none,baostock,query_history_k_data_plus
002233,SZSE.002233,,SZ,A股-深交所,2023-05-23,7.66,7.71,7.6,7.6,7.66,4987393,38203283.39,-0.7833,0.4186,1,0,none,baostock,query_history_k_data_plus
002233,SZSE.002233,,SZ,A股-深交所,2023-05-24,7.6,7.68,7.48,7.58,7.6,6369026,48288146.08,-0.2632,0.5346,1,0,none,baostock,query_history_k_data_plus
002233,SZSE.002233,,SZ,A股-深交所,2023-05-25,7.57,7.63,7.47,7.55,7.58,5458153,41188186.6,-0.3958,0.4581,1,0,none,baostock,query_history_k_data_plus
002233,SZSE.002233,,SZ,A股-深交所,2023-05-26,7.56,7.68,7.52,7.67,7.55,4693300,35709350.0,1.5894,0.3939,1,0,none,baostock,query_history_k_data_plus
002233,SZSE.002233,,SZ,A股-深交所,2023-05-29,7.65,7.79,7.62,7.66,7.67,5654559,43402379.06,-0.1304,0.4746,1,0,none,baostock,query_history_k_data_plus
002233,SZSE.002233,,SZ,A股-深交所,2023-05-30,7.66,7.71,7.56,7.67,7.66,4469000,34172833.0,0.1305,0.3751,1,0,none,baostock,query_history_k_data_plus
002233,SZSE.002233,,SZ,A股-深交所,2023-05-31,7.65,7.73,7.6,7.62,7.67,5628290,43067065.36,-0.6519,0.4724,1,0,none,baostock,query_history_k_data_plus
002233,SZSE.002233,,SZ,A股-深交所,2023-06-01,7.6,7.76,7.59,7.71,7.62,7916199,60962830.3,1.1811,0.6644,1,0,none,baostock,query_history_k_data_plus
002233,SZSE.002233,,SZ,A股-深交所,2023-06-02,7.68,7.74,7.64,7.73,7.71,6292600,48467568.0,0.2594,0.5282,1,0,none,baostock,query_history_k_data_plus
002233,SZSE.002233,,SZ,A股-深交所,2023-06-05,7.73,7.77,7.68,7.76,7.73,5043658,39056977.5,0.3881,0.4233,1,0,none,baostock,query_history_k_data_plus
002233,SZSE.002233,,SZ,A股-深交所,2023-06-06,7.76,7.82,7.72,7.72,7.76,5634700,43803672.0,-0.5155,0.4729,1,0,none,baostock,query_history_k_data_plus
002233,SZSE.002233,,SZ,A股-深交所,2023-06-07,7.76,7.83,7.7,7.81,7.72,5262206,40996358.7,1.1658,0.4417,1,0,none,baostock,query_history_k_data_plus
002233,SZSE.002233,,SZ,A股-深交所,2023-06-08,7.77,7.99,7.71,7.91,7.81,9327700,73397724.0,1.2804,0.7829,1,0,none,baostock,query_history_k_data_plus
002233,SZSE.002233,,SZ,A股-深交所,2023-06-09,7.91,7.97,7.83,7.85,7.91,6233646,49075286.68,-0.7585,0.5232,1,0,none,baostock,query_history_k_data_plus
002233,SZSE.002233,,SZ,A股-深交所,2023-06-12,7.8,7.92,7.73,7.85,7.85,6724922,52631828.63,0.0,0.5644,1,0,none,baostock,query_history_k_data_plus
002233,SZSE.002233,,SZ,A股-深交所,2023-06-13,7.87,7.9,7.78,7.81,7.85,3931201,30760811.7,-0.5096,0.33,1,0,none,baostock,query_history_k_data_plus
002233,SZSE.002233,,SZ,A股-深交所,2023-06-14,7.83,7.85,7.75,7.75,7.81,4005029,31142181.95,-0.7682,0.3362,1,0,none,baostock,query_history_k_data_plus
002233,SZSE.002233,,SZ,A股-深交所,2023-06-15,7.75,7.84,7.73,7.8,7.75,4427200,34558550.0,0.6452,0.3716,1,0,none,baostock,query_history_k_data_plus
002233,SZSE.002233,,SZ,A股-深交所,2023-06-16,7.82,7.88,7.78,7.78,7.8,4828134,37775360.53,-0.2564,0.4052,1,0,none,baostock,query_history_k_data_plus
002233,SZSE.002233,,SZ,A股-深交所,2023-06-19,7.81,7.81,7.69,7.69,7.78,6333520,48974432.87,-1.1568,0.5316,1,0,none,baostock,query_history_k_data_plus
002233,SZSE.002233,,SZ,A股-深交所,2023-06-20,7.68,7.69,7.51,7.51,7.69,6544238,49532836.18,-2.3407,0.5493,1,0,none,baostock,query_history_k_data_plus
002233,SZSE.002233,,SZ,A股-深交所,2023-06-21,7.5,7.57,7.41,7.42,7.51,7090404,53009098.2,-1.1984,0.5951,1,0,none,baostock,query_history_k_data_plus
002233,SZSE.002233,,SZ,A股-深交所,2023-06-26,7.42,7.49,7.31,7.36,7.42,6159972,45394805.38,-0.8086,0.517,1,0,none,baostock,query_history_k_data_plus
002233,SZSE.002233,,SZ,A股-深交所,2023-06-27,7.37,7.57,7.36,7.53,7.36,5866572,43999212.5,2.3098,0.4924,1,0,none,baostock,query_history_k_data_plus
002233,SZSE.002233,,SZ,A股-深交所,2023-06-28,7.57,7.6,7.48,7.58,7.53,3837609,28936107.14,0.664,0.3221,1,0,none,baostock,query_history_k_data_plus
002233,SZSE.002233,,SZ,A股-深交所,2023-06-29,7.57,7.65,7.53,7.63,7.58,4657445,35485716.8,0.6596,0.3909,1,0,none,baostock,query_history_k_data_plus
002233,SZSE.002233,,SZ,A股-深交所,2023-06-30,7.62,7.77,7.61,7.72,7.63,5814755,44904670.0,1.1796,0.488,1,0,none,baostock,query_history_k_data_plus
002233,SZSE.002233,,SZ,A股-深交所,2023-07-03,7.72,7.89,7.71,7.86,7.72,11211942,87855050.6,1.8135,0.9411,1,0,none,baostock,query_history_k_data_plus
002233,SZSE.002233,,SZ,A股-深交所,2023-07-04,7.89,7.89,7.76,7.8,7.86,7928881,61999873.89,-0.7634,0.6655,1,0,none,baostock,query_history_k_data_plus
002233,SZSE.002233,,SZ,A股-深交所,2023-07-05,7.76,7.83,7.74,7.77,7.8,3816259,29720457.79,-0.3846,0.3203,1,0,none,baostock,query_history_k_data_plus
002233,SZSE.002233,,SZ,A股-深交所,2023-07-06,7.8,7.81,7.73,7.75,7.77,4338443,33685477.63,-0.2574,0.3641,1,0,none,baostock,query_history_k_data_plus
002233,SZSE.002233,,SZ,A股-深交所,2023-07-07,7.74,7.82,7.68,7.77,7.75,4776502,37051110.6,0.2581,0.4009,1,0,none,baostock,query_history_k_data_plus
002233,SZSE.002233,,SZ,A股-深交所,2023-07-10,7.76,7.83,7.74,7.79,7.77,4800500,37347589.0,0.2574,0.4029,1,0,none,baostock,query_history_k_data_plus
002233,SZSE.002233,,SZ,A股-深交所,2023-07-11,7.81,7.9,7.81,7.86,7.79,4062483,31893476.54,0.8986,0.341,1,0,none,baostock,query_history_k_data_plus
002233,SZSE.002233,,SZ,A股-深交所,2023-07-12,7.86,7.88,7.77,7.8,7.86,4304700,33654645.76,-0.7634,0.3613,1,0,none,baostock,query_history_k_data_plus
002233,SZSE.002233,,SZ,A股-深交所,2023-07-13,7.8,7.88,7.77,7.84,7.8,5958481,46752409.71,0.5128,0.5001,1,0,none,baostock,query_history_k_data_plus
002233,SZSE.002233,,SZ,A股-深交所,2023-07-14,8.03,8.07,7.88,7.93,7.84,11737188,93202092.02,1.148,0.9851,1,0,none,baostock,query_history_k_data_plus
002233,SZSE.002233,,SZ,A股-深交所,2023-07-17,7.95,8.0,7.85,7.93,7.93,8785110,69476929.9,0.0,0.7374,1,0,none,baostock,query_history_k_data_plus
002233,SZSE.002233,,SZ,A股-深交所,2023-07-18,7.93,8.02,7.88,8.0,7.93,6975355,55657405.05,0.8827,0.5855,1,0,none,baostock,query_history_k_data_plus
002233,SZSE.002233,,SZ,A股-深交所,2023-07-19,7.99,8.11,7.96,8.09,8.0,9722192,78487158.8,1.125,0.816,1,0,none,baostock,query_history_k_data_plus
002233,SZSE.002233,,SZ,A股-深交所,2023-07-20,8.09,8.18,8.07,8.09,8.09,7827297,63570128.94,0.0,0.657,1,0,none,baostock,query_history_k_data_plus
002233,SZSE.002233,,SZ,A股-深交所,2023-07-21,8.06,8.15,8.03,8.11,8.09,6304831,51121984.83,0.2472,0.5292,1,0,none,baostock,query_history_k_data_plus
002233,SZSE.002233,,SZ,A股-深交所,2023-07-24,8.18,8.22,8.12,8.18,8.11,7726669,63191627.77,0.8631,0.6485,1,0,none,baostock,query_history_k_data_plus
002233,SZSE.002233,,SZ,A股-深交所,2023-07-25,8.18,8.28,8.17,8.27,8.18,12210332,100723994.89,1.1002,1.0249,1,0,none,baostock,query_history_k_data_plus
002233,SZSE.002233,,SZ,A股-深交所,2023-07-26,8.28,8.41,8.24,8.4,8.27,13114141,109736934.5,1.5719,1.1007,1,0,none,baostock,query_history_k_data_plus
002233,SZSE.002233,,SZ,A股-深交所,2023-07-27,8.32,8.43,8.29,8.36,8.4,7998284,66878253.44,-0.4762,0.6713,1,0,none,baostock,query_history_k_data_plus
002233,SZSE.002233,,SZ,A股-深交所,2023-07-28,8.35,8.48,8.34,8.47,8.36,11123548,93738673.05,1.3158,0.9336,1,0,none,baostock,query_history_k_data_plus
002233,SZSE.002233,,SZ,A股-深交所,2023-07-31,8.54,8.88,8.53,8.83,8.47,28817283,252323259.06,4.2503,2.4187,1,0,none,baostock,query_history_k_data_plus
002233,SZSE.002233,,SZ,A股-深交所,2023-08-01,8.79,8.89,8.71,8.83,8.83,21944617,193476343.27,0.0,1.8419,1,0,none,baostock,query_history_k_data_plus
002233,SZSE.002233,,SZ,A股-深交所,2023-08-02,8.8,8.99,8.75,8.85,8.83,14996634,133089779.26,0.2265,1.2587,1,0,none,baostock,query_history_k_data_plus
002233,SZSE.002233,,SZ,A股-深交所,2023-08-03,8.81,8.89,8.74,8.86,8.85,15780867,139605355.29,0.113,1.3245,1,0,none,baostock,query_history_k_data_plus
002233,SZSE.002233,,SZ,A股-深交所,2023-08-04,8.89,9.0,8.8,8.9,8.86,19678211,174794671.92,0.4515,1.6517,1,0,none,baostock,query_history_k_data_plus
002233,SZSE.002233,,SZ,A股-深交所,2023-08-07,8.82,8.87,8.66,8.75,8.9,15437801,134613134.63,-1.6854,1.2958,1,0,none,baostock,query_history_k_data_plus
002233,SZSE.002233,,SZ,A股-深交所,2023-08-08,8.67,8.82,8.67,8.72,8.75,12224202,106851296.94,-0.3429,1.026,1,0,none,baostock,query_history_k_data_plus
002233,SZSE.002233,,SZ,A股-深交所,2023-08-09,8.78,8.86,8.7,8.74,8.72,12585459,110441135.84,0.2294,1.0563,1,0,none,baostock,query_history_k_data_plus
002233,SZSE.002233,,SZ,A股-深交所,2023-08-10,8.85,8.9,8.76,8.86,8.74,12735311,112682765.39,1.373,1.0689,1,0,none,baostock,query_history_k_data_plus
002233,SZSE.002233,,SZ,A股-深交所,2023-08-11,8.85,8.87,8.67,8.68,8.86,11845693,103772627.97,-2.0316,0.9942,1,0,none,baostock,query_history_k_data_plus
002233,SZSE.002233,,SZ,A股-深交所,2023-08-14,8.62,8.75,8.58,8.69,8.68,11584409,100567400.48,0.1152,0.9723,1,0,none,baostock,query_history_k_data_plus
002233,SZSE.002233,,SZ,A股-深交所,2023-08-15,8.67,8.73,8.54,8.66,8.69,10994341,94869768.7,-0.3452,0.9227,1,0,none,baostock,query_history_k_data_plus
002233,SZSE.002233,,SZ,A股-深交所,2023-08-16,8.63,8.72,8.55,8.65,8.66,8759901,75547772.59,-0.1155,0.7352,1,0,none,baostock,query_history_k_data_plus
002233,SZSE.002233,,SZ,A股-深交所,2023-08-17,8.6,8.66,8.48,8.62,8.65,11562600,98971795.0,-0.3468,0.9704,1,0,none,baostock,query_history_k_data_plus
002233,SZSE.002233,,SZ,A股-深交所,2023-08-18,8.65,8.72,8.51,8.53,8.62,9204734,79266570.42,-1.0441,0.7725,1,0,none,baostock,query_history_k_data_plus
002233,SZSE.002233,,SZ,A股-深交所,2023-08-21,8.5,8.62,8.44,8.47,8.53,10752996,91993255.26,-0.7034,0.9025,1,0,none,baostock,query_history_k_data_plus
002233,SZSE.002233,,SZ,A股-深交所,2023-08-22,8.51,8.54,8.39,8.47,8.47,14070322,118729776.34,0.0,1.1809,1,0,none,baostock,query_history_k_data_plus
002233,SZSE.002233,,SZ,A股-深交所,2023-08-23,8.47,8.5,8.37,8.4,8.47,8547213,71999100.86,-0.8264,0.7174,1,0,none,baostock,query_history_k_data_plus
002233,SZSE.002233,,SZ,A股-深交所,2023-08-24,8.36,8.42,8.27,8.31,8.4,9591238,79865209.59,-1.0714,0.805,1,0,none,baostock,query_history_k_data_plus
002233,SZSE.002233,,SZ,A股-深交所,2023-08-25,8.29,8.42,8.25,8.35,8.31,7944093,66278505.62,0.4813,0.6667,1,0,none,baostock,query_history_k_data_plus
002233,SZSE.002233,,SZ,A股-深交所,2023-08-28,8.7,8.76,8.39,8.41,8.35,12655072,108086548.81,0.7186,1.0621,1,0,none,baostock,query_history_k_data_plus
002233,SZSE.002233,,SZ,A股-深交所,2023-08-29,8.44,8.46,8.31,8.38,8.41,10040600,84180863.0,-0.3567,0.8427,1,0,none,baostock,query_history_k_data_plus
002233,SZSE.002233,,SZ,A股-深交所,2023-08-30,8.39,8.42,8.25,8.3,8.38,9332841,77503341.2,-0.9547,0.7833,1,0,none,baostock,query_history_k_data_plus
002233,SZSE.002233,,SZ,A股-深交所,2023-08-31,8.24,8.38,8.19,8.2,8.3,8757000,72207575.0,-1.2048,0.735,1,0,none,baostock,query_history_k_data_plus
002233,SZSE.002233,,SZ,A股-深交所,2023-09-01,8.24,8.44,8.22,8.35,8.2,11404983,95294381.71,1.8293,0.9572,1,0,none,baostock,query_history_k_data_plus
002233,SZSE.002233,,SZ,A股-深交所,2023-09-04,8.4,8.58,8.36,8.55,8.35,11030070,93883376.39,2.3952,0.9257,1,0,none,baostock,query_history_k_data_plus
002233,SZSE.002233,,SZ,A股-深交所,2023-09-05,8.54,8.54,8.28,8.31,8.55,7972048,66438017.72,-2.807,0.6691,1,0,none,baostock,query_history_k_data_plus
002233,SZSE.002233,,SZ,A股-深交所,2023-09-06,8.28,8.3,8.16,8.22,8.31,6983580,57343880.52,-1.083,0.5861,1,0,none,baostock,query_history_k_data_plus
002233,SZSE.002233,,SZ,A股-深交所,2023-09-07,8.22,8.29,8.17,8.19,8.22,6639903,54614116.62,-0.365,0.5573,1,0,none,baostock,query_history_k_data_plus
002233,SZSE.002233,,SZ,A股-深交所,2023-09-08,8.17,8.23,8.09,8.11,8.19,6255695,50905675.45,-0.9768,0.525,1,0,none,baostock,query_history_k_data_plus
002233,SZSE.002233,,SZ,A股-深交所,2023-09-11,8.18,8.25,8.1,8.21,8.11,8390500,68815118.0,1.233,0.7042,1,0,none,baostock,query_history_k_data_plus
002233,SZSE.002233,,SZ,A股-深交所,2023-09-12,8.21,8.24,8.12,8.18,8.21,6337200,51728646.0,-0.3654,0.5319,1,0,none,baostock,query_history_k_data_plus
002233,SZSE.002233,,SZ,A股-深交所,2023-09-13,8.16,8.42,8.14,8.2,8.18,9025801,74311860.15,0.2445,0.7575,1,0,none,baostock,query_history_k_data_plus
002233,SZSE.002233,,SZ,A股-深交所,2023-09-14,8.2,8.2,8.08,8.16,8.2,7491132,61006866.12,-0.4878,0.6287,1,0,none,baostock,query_history_k_data_plus
002233,SZSE.002233,,SZ,A股-深交所,2023-09-15,8.2,8.37,8.17,8.25,8.16,10279581,85002759.82,1.1029,0.8628,1,0,none,baostock,query_history_k_data_plus
002233,SZSE.002233,,SZ,A股-深交所,2023-09-18,8.21,8.24,8.03,8.12,8.25,10585959,85578582.61,-1.5758,0.8885,1,0,none,baostock,query_history_k_data_plus
002233,SZSE.002233,,SZ,A股-深交所,2023-09-19,8.12,8.25,8.07,8.22,8.12,8104087,66458354.73,1.2315,0.6802,1,0,none,baostock,query_history_k_data_plus
002233,SZSE.002233,,SZ,A股-深交所,2023-09-20,8.2,8.35,8.18,8.32,8.22,7120325,59104226.5,1.2165,0.5976,1,0,none,baostock,query_history_k_data_plus
002233,SZSE.002233,,SZ,A股-深交所,2023-09-21,8.32,8.35,8.19,8.2,8.32,6933605,57193618.08,-1.4423,0.5819,1,0,none,baostock,query_history_k_data_plus
002233,SZSE.002233,,SZ,A股-深交所,2023-09-22,8.28,8.32,8.17,8.31,8.2,6690800,55248544.98,1.3415,0.5616,1,0,none,baostock,query_history_k_data_plus
002233,SZSE.002233,,SZ,A股-深交所,2023-09-25,8.3,8.38,8.22,8.24,8.31,7528105,62373881.83,-0.8424,0.6318,1,0,none,baostock,query_history_k_data_plus
002233,SZSE.002233,,SZ,A股-深交所,2023-09-26,8.23,8.31,8.22,8.27,8.24,4972650,41125467.71,0.3641,0.4173,1,0,none,baostock,query_history_k_data_plus
002233,SZSE.002233,,SZ,A股-深交所,2023-09-27,8.22,8.28,8.19,8.2,8.27,5196550,42738149.5,-0.8464,0.4361,1,0,none,baostock,query_history_k_data_plus
002233,SZSE.002233,,SZ,A股-深交所,2023-09-28,8.17,8.3,8.16,8.28,8.2,5392100,44499256.0,0.9756,0.4526,1,0,none,baostock,query_history_k_data_plus
002233,SZSE.002233,,SZ,A股-深交所,2023-10-09,8.25,8.28,8.16,8.21,8.28,8220400,67548216.0,-0.8454,0.6899,1,0,none,baostock,query_history_k_data_plus
002233,SZSE.002233,,SZ,A股-深交所,2023-10-10,8.22,8.24,7.8,7.8,8.21,12218851,96757376.41,-4.9939,1.0255,1,0,none,baostock,query_history_k_data_plus
002233,SZSE.002233,,SZ,A股-深交所,2023-10-11,7.86,7.98,7.85,7.9,7.8,9236100,73152699.0,1.2821,0.7752,1,0,none,baostock,query_history_k_data_plus
002233,SZSE.002233,,SZ,A股-深交所,2023-10-12,7.97,8.11,7.91,8.08,7.9,10588727,85100437.2,2.2785,0.8887,1,0,none,baostock,query_history_k_data_plus
002233,SZSE.002233,,SZ,A股-深交所,2023-10-13,8.04,8.11,7.9,7.91,8.08,7178501,57170834.9,-2.104,0.6025,1,0,none,baostock,query_history_k_data_plus
002233,SZSE.002233,,SZ,A股-深交所,2023-10-16,7.92,8.0,7.91,7.96,7.91,6449201,51349591.99,0.6321,0.5413,1,0,none,baostock,query_history_k_data_plus
002233,SZSE.002233,,SZ,A股-深交所,2023-10-17,7.98,8.06,7.93,7.98,7.96,7123101,57047020.02,0.2513,0.5978,1,0,none,baostock,query_history_k_data_plus
002233,SZSE.002233,,SZ,A股-深交所,2023-10-18,7.99,8.03,7.9,7.9,7.98,5708800,45355581.0,-1.0025,0.4791,1,0,none,baostock,query_history_k_data_plus
002233,SZSE.002233,,SZ,A股-深交所,2023-10-19,7.87,7.95,7.78,7.85,7.9,6586800,51967368.0,-0.6329,0.5528,1,0,none,baostock,query_history_k_data_plus
002233,SZSE.002233,,SZ,A股-深交所,2023-10-20,7.81,7.98,7.81,7.86,7.85,6441223,50746931.14,0.1274,0.5406,1,0,none,baostock,query_history_k_data_plus
002233,SZSE.002233,,SZ,A股-深交所,2023-10-23,7.92,7.92,7.58,7.62,7.86,10374600,79862011.0,-3.0534,0.8707,1,0,none,baostock,query_history_k_data_plus
002233,SZSE.002233,,SZ,A股-深交所,2023-10-24,7.63,7.72,7.58,7.71,7.62,7104206,54384414.58,1.1811,0.5962,1,0,none,baostock,query_history_k_data_plus
002233,SZSE.002233,,SZ,A股-深交所,2023-10-25,7.99,8.18,7.99,8.08,7.71,18876579,152370603.61,4.799,1.5843,1,0,none,baostock,query_history_k_data_plus
002233,SZSE.002233,,SZ,A股-深交所,2023-10-26,8.01,8.12,7.81,7.84,8.08,15058576,119266723.2,-2.9703,1.2639,1,0,none,baostock,query_history_k_data_plus
002233,SZSE.002233,,SZ,A股-深交所,2023-10-27,7.79,7.8,7.62,7.69,7.84,19302749,148405882.87,-1.9133,1.6201,1,0,none,baostock,query_history_k_data_plus
002233,SZSE.002233,,SZ,A股-深交所,2023-10-30,7.6,7.7,7.55,7.56,7.69,19794587,150327692.2,-1.6905,1.6613,1,0,none,baostock,query_history_k_data_plus
002233,SZSE.002233,,SZ,A股-深交所,2023-10-31,7.56,7.6,7.5,7.54,7.56,9718838,73189789.52,-0.2646,0.8157,1,0,none,baostock,query_history_k_data_plus
002233,SZSE.002233,,SZ,A股-深交所,2023-11-01,7.55,7.58,7.47,7.52,7.54,10009756,75188663.22,-0.2653,0.8401,1,0,none,baostock,query_history_k_data_plus
002233,SZSE.002233,,SZ,A股-深交所,2023-11-02,7.52,7.53,7.45,7.46,7.52,7982487,59706752.89,-0.7979,0.67,1,0,none,baostock,query_history_k_data_plus
002233,SZSE.002233,,SZ,A股-深交所,2023-11-03,7.46,7.52,7.45,7.47,7.46,8003901,59914228.86,0.134,0.6718,1,0,none,baostock,query_history_k_data_plus
002233,SZSE.002233,,SZ,A股-深交所,2023-11-06,7.5,7.55,7.48,7.55,7.47,11381757,85527711.54,1.071,0.9553,1,0,none,baostock,query_history_k_data_plus
002233,SZSE.002233,,SZ,A股-深交所,2023-11-07,7.52,7.53,7.42,7.45,7.55,11451864,85373872.8,-1.3245,0.9611,1,0,none,baostock,query_history_k_data_plus
002233,SZSE.002233,,SZ,A股-深交所,2023-11-08,7.45,7.48,7.42,7.44,7.45,8026900,59740841.0,-0.1342,0.6737,1,0,none,baostock,query_history_k_data_plus
002233,SZSE.002233,,SZ,A股-深交所,2023-11-09,7.43,7.53,7.43,7.45,7.44,10133442,75697338.82,0.1344,0.8505,1,0,none,baostock,query_history_k_data_plus
002233,SZSE.002233,,SZ,A股-深交所,2023-11-10,7.44,7.44,7.33,7.36,7.45,12828384,94346230.9,-1.2081,1.0767,1,0,none,baostock,query_history_k_data_plus
002233,SZSE.002233,,SZ,A股-深交所,2023-11-13,7.36,7.43,7.29,7.38,7.36,12666522,93040955.16,0.2717,1.0631,1,0,none,baostock,query_history_k_data_plus
002233,SZSE.002233,,SZ,A股-深交所,2023-11-14,7.36,7.42,7.35,7.38,7.38,9352858,69040602.71,0.0,0.785,1,0,none,baostock,query_history_k_data_plus
002233,SZSE.002233,,SZ,A股-深交所,2023-11-15,7.41,7.47,7.4,7.44,7.38,9267160,68901615.82,0.813,0.7778,1,0,none,baostock,query_history_k_data_plus
002233,SZSE.002233,,SZ,A股-深交所,2023-11-16,7.42,7.45,7.38,7.38,7.44,7359104,54453962.52,-0.8065,0.6176,1,0,none,baostock,query_history_k_data_plus
002233,SZSE.002233,,SZ,A股-深交所,2023-11-17,7.38,7.38,7.31,7.34,7.38,8546292,62674877.7,-0.542,0.7173,1,0,none,baostock,query_history_k_data_plus
002233,SZSE.002233,,SZ,A股-深交所,2023-11-20,7.36,7.39,7.31,7.35,7.34,6527244,47947125.96,0.1362,0.5478,1,0,none,baostock,query_history_k_data_plus
002233,SZSE.002233,,SZ,A股-深交所,2023-11-21,7.36,7.46,7.36,7.38,7.35,11513968,85403806.08,0.4082,0.9664,1,0,none,baostock,query_history_k_data_plus
002233,SZSE.002233,,SZ,A股-深交所,2023-11-22,7.36,7.38,7.28,7.28,7.38,10081868,73863531.76,-1.355,0.8462,1,0,none,baostock,query_history_k_data_plus
002233,SZSE.002233,,SZ,A股-深交所,2023-11-23,7.3,7.36,7.25,7.34,7.28,11677300,85469461.0,0.8242,0.9801,1,0,none,baostock,query_history_k_data_plus
002233,SZSE.002233,,SZ,A股-深交所,2023-11-24,7.33,7.38,7.3,7.34,7.34,8491900,62284482.0,0.0,0.7127,1,0,none,baostock,query_history_k_data_plus
002233,SZSE.002233,,SZ,A股-深交所,2023-11-27,7.32,7.34,7.22,7.3,7.34,8027297,58319667.81,-0.545,0.6737,1,0,none,baostock,query_history_k_data_plus
002233,SZSE.002233,,SZ,A股-深交所,2023-11-28,7.3,7.32,7.23,7.31,7.3,6037000,43964568.0,0.137,0.5067,1,0,none,baostock,query_history_k_data_plus
002233,SZSE.002233,,SZ,A股-深交所,2023-11-29,7.28,7.3,7.2,7.2,7.31,13299301,96101313.2,-1.5048,1.1162,1,0,none,baostock,query_history_k_data_plus
002233,SZSE.002233,,SZ,A股-深交所,2023-11-30,7.2,7.21,7.16,7.2,7.2,6749895,48512810.0,0.0,0.5665,1,0,none,baostock,query_history_k_data_plus
002233,SZSE.002233,,SZ,A股-深交所,2023-12-01,7.21,7.28,7.18,7.27,7.2,7799609,56496015.82,0.9722,0.6546,1,0,none,baostock,query_history_k_data_plus
002233,SZSE.002233,,SZ,A股-深交所,2023-12-04,7.27,7.29,7.21,7.26,7.27,7800923,56483757.6,-0.1376,0.6547,1,0,none,baostock,query_history_k_data_plus
002233,SZSE.002233,,SZ,A股-深交所,2023-12-05,7.25,7.26,7.15,7.15,7.26,7139801,51418972.22,-1.5152,0.5992,1,0,none,baostock,query_history_k_data_plus
002233,SZSE.002233,,SZ,A股-深交所,2023-12-06,7.15,7.2,7.1,7.17,7.15,5339121,38210610.94,0.2797,0.4481,1,0,none,baostock,query_history_k_data_plus
002233,SZSE.002233,,SZ,A股-深交所,2023-12-07,7.16,7.17,7.09,7.15,7.17,5577120,39744750.24,-0.2789,0.4681,1,0,none,baostock,query_history_k_data_plus
002233,SZSE.002233,,SZ,A股-深交所,2023-12-08,7.16,7.19,7.05,7.07,7.15,7112897,50600188.57,-1.1189,0.597,1,0,none,baostock,query_history_k_data_plus
002233,SZSE.002233,,SZ,A股-深交所,2023-12-11,7.04,7.11,6.95,7.11,7.07,11499785,80850109.4,0.5658,0.9652,1,0,none,baostock,query_history_k_data_plus
002233,SZSE.002233,,SZ,A股-深交所,2023-12-12,7.1,7.16,7.05,7.15,7.11,7733700,55096751.13,0.5626,0.6491,1,0,none,baostock,query_history_k_data_plus
002233,SZSE.002233,,SZ,A股-深交所,2023-12-13,7.15,7.17,7.09,7.11,7.15,5329701,38021245.56,-0.5594,0.4473,1,0,none,baostock,query_history_k_data_plus
002233,SZSE.002233,,SZ,A股-深交所,2023-12-14,7.11,7.15,7.09,7.11,7.11,4226800,30089095.0,0.0,0.3548,1,0,none,baostock,query_history_k_data_plus
002233,SZSE.002233,,SZ,A股-深交所,2023-12-15,7.13,7.17,7.09,7.1,7.11,4402081,31370474.36,-0.1406,0.3695,1,0,none,baostock,query_history_k_data_plus
002233,SZSE.002233,,SZ,A股-深交所,2023-12-18,7.09,7.11,6.98,7.0,7.1,6093901,42855422.05,-1.4085,0.5115,1,0,none,baostock,query_history_k_data_plus
002233,SZSE.002233,,SZ,A股-深交所,2023-12-19,7.0,7.02,6.92,6.96,7.0,5706800,39648111.0,-0.5714,0.479,1,0,none,baostock,query_history_k_data_plus
002233,SZSE.002233,,SZ,A股-深交所,2023-12-20,6.95,6.99,6.87,6.88,6.96,5081580,35237943.82,-1.1494,0.4265,1,0,none,baostock,query_history_k_data_plus
002233,SZSE.002233,,SZ,A股-深交所,2023-12-21,6.89,6.94,6.83,6.93,6.88,4796448,33061584.3,0.7267,0.4026,1,0,none,baostock,query_history_k_data_plus
002233,SZSE.002233,,SZ,A股-深交所,2023-12-22,6.97,7.0,6.88,6.92,6.93,5803801,40254261.91,-0.1443,0.4871,1,0,none,baostock,query_history_k_data_plus
002233,SZSE.002233,,SZ,A股-深交所,2023-12-25,6.9,6.95,6.85,6.92,6.92,3941875,27166780.19,0.0,0.3308,1,0,none,baostock,query_history_k_data_plus
002233,SZSE.002233,,SZ,A股-深交所,2023-12-26,6.92,7.02,6.9,6.98,6.92,7832400,54704423.0,0.8671,0.6574,1,0,none,baostock,query_history_k_data_plus
002233,SZSE.002233,,SZ,A股-深交所,2023-12-27,7.0,7.02,6.85,6.95,6.98,6778096,46894878.24,-0.4298,0.5689,1,0,none,baostock,query_history_k_data_plus
002233,SZSE.002233,,SZ,A股-深交所,2023-12-28,6.97,7.08,6.93,7.08,6.95,8722798,61364288.1,1.8705,0.7321,1,0,none,baostock,query_history_k_data_plus
002233,SZSE.002233,,SZ,A股-深交所,2023-12-29,7.07,7.11,7.05,7.08,7.08,6875302,48684412.97,0.0,0.577,1,0,none,baostock,query_history_k_data_plus
002233,SZSE.002233,,SZ,A股-深交所,2024-01-02,7.1,7.13,7.06,7.1,7.08,8043777,57164859.94,0.2825,0.6751,1,0,none,baostock,query_history_k_data_plus
002233,SZSE.002233,,SZ,A股-深交所,2024-01-03,7.08,7.14,7.07,7.13,7.1,6274523,44647841.99,0.4225,0.5266,1,0,none,baostock,query_history_k_data_plus
002233,SZSE.002233,,SZ,A股-深交所,2024-01-04,7.14,7.15,7.06,7.14,7.13,7730040,54942143.4,0.1403,0.6488,1,0,none,baostock,query_history_k_data_plus
002233,SZSE.002233,,SZ,A股-深交所,2024-01-05,7.11,7.23,7.09,7.12,7.14,17897140,128006343.48,-0.2801,1.5021,1,0,none,baostock,query_history_k_data_plus
002233,SZSE.002233,,SZ,A股-深交所,2024-01-08,7.09,7.18,7.05,7.1,7.12,9687998,68976103.8,-0.2809,0.8131,1,0,none,baostock,query_history_k_data_plus
002233,SZSE.002233,,SZ,A股-深交所,2024-01-09,7.13,7.15,7.02,7.12,7.1,7303202,51842270.2,0.2817,0.613,1,0,none,baostock,query_history_k_data_plus
002233,SZSE.002233,,SZ,A股-深交所,2024-01-10,7.11,7.18,7.08,7.11,7.12,6855775,48860675.73,-0.1404,0.5754,1,0,none,baostock,query_history_k_data_plus
002233,SZSE.002233,,SZ,A股-深交所,2024-01-11,7.1,7.15,7.08,7.13,7.11,5871050,41819971.06,0.2813,0.4928,1,0,none,baostock,query_history_k_data_plus
002233,SZSE.002233,,SZ,A股-深交所,2024-01-12,7.13,7.22,7.12,7.19,7.13,6849802,49210043.32,0.8415,0.5749,1,0,none,baostock,query_history_k_data_plus
002233,SZSE.002233,,SZ,A股-深交所,2024-01-15,7.19,7.29,7.15,7.25,7.19,7992700,57844802.0,0.8345,0.6708,1,0,none,baostock,query_history_k_data_plus
002233,SZSE.002233,,SZ,A股-深交所,2024-01-16,7.25,7.3,7.19,7.28,7.25,7865200,57087549.0,0.4138,0.6601,1,0,none,baostock,query_history_k_data_plus
002233,SZSE.002233,,SZ,A股-深交所,2024-01-17,7.27,7.28,7.18,7.18,7.28,6524800,47202438.0,-1.3736,0.5476,1,0,none,baostock,query_history_k_data_plus
002233,SZSE.002233,,SZ,A股-深交所,2024-01-18,7.17,7.18,6.88,7.07,7.18,10359009,72478955.45,-1.532,0.8694,1,0,none,baostock,query_history_k_data_plus
002233,SZSE.002233,,SZ,A股-深交所,2024-01-19,7.04,7.07,6.97,6.99,7.07,5910403,41471499.97,-1.1315,0.4961,1,0,none,baostock,query_history_k_data_plus
002233,SZSE.002233,,SZ,A股-深交所,2024-01-22,6.98,6.98,6.6,6.64,6.99,11672400,79392769.43,-5.0072,0.9797,1,0,none,baostock,query_history_k_data_plus
002233,SZSE.002233,,SZ,A股-深交所,2024-01-23,6.65,6.75,6.48,6.71,6.64,11341471,75014654.96,1.0542,0.9519,1,0,none,baostock,query_history_k_data_plus
002233,SZSE.002233,,SZ,A股-深交所,2024-01-24,6.71,6.93,6.65,6.9,6.71,9424068,63885185.64,2.8316,0.791,1,0,none,baostock,query_history_k_data_plus
002233,SZSE.002233,,SZ,A股-深交所,2024-01-25,6.9,7.14,6.83,7.13,6.9,9752853,68839888.0,3.3333,0.8185,1,0,none,baostock,query_history_k_data_plus
002233,SZSE.002233,,SZ,A股-深交所,2024-01-26,7.12,7.24,7.1,7.17,7.13,8738350,62780114.03,0.561,0.7334,1,0,none,baostock,query_history_k_data_plus
002233,SZSE.002233,,SZ,A股-深交所,2024-01-29,7.18,7.25,7.11,7.15,7.17,9887758,70951746.28,-0.2789,0.8299,1,0,none,baostock,query_history_k_data_plus
002233,SZSE.002233,,SZ,A股-深交所,2024-01-30,7.12,7.18,7.01,7.02,7.15,8945900,63566191.0,-1.8182,0.7508,1,0,none,baostock,query_history_k_data_plus
002233,SZSE.002233,,SZ,A股-深交所,2024-01-31,7.0,7.1,6.9,6.94,7.02,7453500,52052764.25,-1.1396,0.6256,1,0,none,baostock,query_history_k_data_plus
002233,SZSE.002233,,SZ,A股-深交所,2024-02-01,6.87,6.98,6.75,6.79,6.94,11530782,78735475.4,-2.1614,0.9678,1,0,none,baostock,query_history_k_data_plus
002233,SZSE.002233,,SZ,A股-深交所,2024-02-02,6.79,6.89,6.54,6.69,6.79,10297095,69647103.85,-1.4728,0.8642,1,0,none,baostock,query_history_k_data_plus
002233,SZSE.002233,,SZ,A股-深交所,2024-02-05,6.69,6.73,6.28,6.54,6.69,15173866,98665292.15,-2.2422,1.2735,1,0,none,baostock,query_history_k_data_plus
002233,SZSE.002233,,SZ,A股-深交所,2024-02-06,6.45,7.07,6.42,6.95,6.54,14575704,98505546.96,6.2691,1.2233,1,0,none,baostock,query_history_k_data_plus
002233,SZSE.002233,,SZ,A股-深交所,2024-02-07,6.96,7.19,6.87,7.11,6.95,14098131,100277513.78,2.3022,1.1832,1,0,none,baostock,query_history_k_data_plus
002233,SZSE.002233,,SZ,A股-深交所,2024-02-08,7.24,7.34,7.11,7.26,7.11,16278242,118381746.0,2.1097,1.3662,1,0,none,baostock,query_history_k_data_plus
002233,SZSE.002233,,SZ,A股-深交所,2024-02-19,7.27,7.33,7.11,7.16,7.26,13027198,93630975.6,-1.3774,1.0934,1,0,none,baostock,query_history_k_data_plus
002233,SZSE.002233,,SZ,A股-深交所,2024-02-20,7.13,7.2,7.09,7.19,7.16,9085900,64985604.82,0.419,0.7626,1,0,none,baostock,query_history_k_data_plus
002233,SZSE.002233,,SZ,A股-深交所,2024-02-21,7.15,7.41,7.1,7.25,7.19,13295571,97087151.85,0.8345,1.1159,1,0,none,baostock,query_history_k_data_plus
002233,SZSE.002233,,SZ,A股-深交所,2024-02-22,7.24,7.3,7.19,7.3,7.25,9014868,65352848.64,0.6897,0.7566,1,0,none,baostock,query_history_k_data_plus
002233,SZSE.002233,,SZ,A股-深交所,2024-02-23,7.27,7.32,7.22,7.3,7.3,8478871,61695534.59,0.0,0.7116,1,0,none,baostock,query_history_k_data_plus
002233,SZSE.002233,,SZ,A股-深交所,2024-02-26,7.32,7.36,7.23,7.25,7.3,14480640,105586393.4,-0.6849,1.2153,1,0,none,baostock,query_history_k_data_plus
002233,SZSE.002233,,SZ,A股-深交所,2024-02-27,7.26,7.29,7.21,7.27,7.25,8914200,64589464.08,0.2759,0.7482,1,0,none,baostock,query_history_k_data_plus
002233,SZSE.002233,,SZ,A股-深交所,2024-02-28,7.27,7.34,7.1,7.11,7.27,12502652,90534445.52,-2.2008,1.0493,1,0,none,baostock,query_history_k_data_plus
002233,SZSE.002233,,SZ,A股-深交所,2024-02-29,7.13,7.27,7.13,7.27,7.11,9563964,68984991.64,2.2504,0.8027,1,0,none,baostock,query_history_k_data_plus
002233,SZSE.002233,,SZ,A股-深交所,2024-03-01,7.28,7.31,7.18,7.24,7.27,10245799,74173755.58,-0.4127,0.8599,1,0,none,baostock,query_history_k_data_plus
002233,SZSE.002233,,SZ,A股-深交所,2024-03-04,7.23,7.24,7.13,7.2,7.24,7883264,56512987.39,-0.5525,0.6616,1,0,none,baostock,query_history_k_data_plus
002233,SZSE.002233,,SZ,A股-深交所,2024-03-05,7.16,7.28,7.12,7.26,7.2,8251491,59406342.2,0.8333,0.6925,1,0,none,baostock,query_history_k_data_plus
002233,SZSE.002233,,SZ,A股-深交所,2024-03-06,7.24,7.32,7.21,7.26,7.26,7071958,51347821.69,0.0,0.5935,1,0,none,baostock,query_history_k_data_plus
002233,SZSE.002233,,SZ,A股-深交所,2024-03-07,7.25,7.37,7.23,7.32,7.26,11444800,83797201.07,0.8264,0.9606,1,0,none,baostock,query_history_k_data_plus
002233,SZSE.002233,,SZ,A股-深交所,2024-03-08,7.3,7.37,7.25,7.34,7.32,9189700,67155846.0,0.2732,0.7713,1,0,none,baostock,query_history_k_data_plus
002233,SZSE.002233,,SZ,A股-深交所,2024-03-11,7.36,7.37,7.25,7.33,7.34,7146800,52125057.0,-0.1362,0.5998,1,0,none,baostock,query_history_k_data_plus
002233,SZSE.002233,,SZ,A股-深交所,2024-03-12,7.32,7.38,7.29,7.37,7.33,8447728,62010214.52,0.5457,0.709,1,0,none,baostock,query_history_k_data_plus
002233,SZSE.002233,,SZ,A股-深交所,2024-03-13,7.37,7.37,7.27,7.33,7.37,7169100,52459259.0,-0.5427,0.6017,1,0,none,baostock,query_history_k_data_plus
002233,SZSE.002233,,SZ,A股-深交所,2024-03-14,7.33,7.4,7.31,7.39,7.33,10227200,75275278.0,0.8186,0.8584,1,0,none,baostock,query_history_k_data_plus
002233,SZSE.002233,,SZ,A股-深交所,2024-03-15,7.6,7.94,7.55,7.68,7.39,36167988,279291977.88,3.9242,3.0355,1,0,none,baostock,query_history_k_data_plus
002233,SZSE.002233,,SZ,A股-深交所,2024-03-18,7.7,7.81,7.59,7.64,7.68,25004596,191834722.71,-0.5208,2.0986,1,0,none,baostock,query_history_k_data_plus
002233,SZSE.002233,,SZ,A股-深交所,2024-03-19,7.62,7.62,7.42,7.46,7.64,21336015,159821220.59,-2.356,1.7907,1,0,none,baostock,query_history_k_data_plus
002233,SZSE.002233,,SZ,A股-深交所,2024-03-20,7.45,7.49,7.39,7.47,7.46,13052233,97217757.03,0.134,1.0955,1,0,none,baostock,query_history_k_data_plus
002233,SZSE.002233,,SZ,A股-深交所,2024-03-21,7.46,7.48,7.4,7.42,7.47,9603848,71330864.16,-0.6693,0.806,1,0,none,baostock,query_history_k_data_plus
002233,SZSE.002233,,SZ,A股-深交所,2024-03-22,7.41,7.42,7.3,7.31,7.42,9408855,69079530.7,-1.4825,0.7897,1,0,none,baostock,query_history_k_data_plus
002233,SZSE.002233,,SZ,A股-深交所,2024-03-25,7.31,7.45,7.29,7.35,7.31,10220194,75493791.1,0.5472,0.8578,1,0,none,baostock,query_history_k_data_plus
002233,SZSE.002233,,SZ,A股-深交所,2024-03-26,7.34,7.37,7.26,7.33,7.35,9576584,70002558.97,-0.2721,0.8038,1,0,none,baostock,query_history_k_data_plus
002233,SZSE.002233,,SZ,A股-深交所,2024-03-27,7.34,7.41,7.3,7.3,7.33,14526797,106972919.95,-0.4093,1.2192,1,0,none,baostock,query_history_k_data_plus
002233,SZSE.002233,,SZ,A股-深交所,2024-03-28,7.29,7.42,7.27,7.37,7.3,10844301,79864117.4,0.9589,0.9102,1,0,none,baostock,query_history_k_data_plus
002233,SZSE.002233,,SZ,A股-深交所,2024-03-29,7.38,7.43,7.34,7.42,7.37,7639799,56446420.64,0.6784,0.6412,1,0,none,baostock,query_history_k_data_plus
002233,SZSE.002233,,SZ,A股-深交所,2024-04-01,7.42,7.5,7.42,7.5,7.42,9721727,72544775.27,1.0782,0.8159,1,0,none,baostock,query_history_k_data_plus
002233,SZSE.002233,,SZ,A股-深交所,2024-04-02,7.48,7.55,7.46,7.54,7.5,9036546,67973454.45,0.5333,0.7584,1,0,none,baostock,query_history_k_data_plus
002233,SZSE.002233,,SZ,A股-深交所,2024-04-03,7.54,7.62,7.5,7.59,7.54,8468450,64100118.46,0.6631,0.7107,1,0,none,baostock,query_history_k_data_plus
002233,SZSE.002233,,SZ,A股-深交所,2024-04-08,7.54,7.6,7.49,7.51,7.59,8267802,62346499.88,-1.054,0.6939,1,0,none,baostock,query_history_k_data_plus
002233,SZSE.002233,,SZ,A股-深交所,2024-04-09,7.5,7.59,7.49,7.58,7.51,7657003,57801742.11,0.9321,0.6426,1,0,none,baostock,query_history_k_data_plus
002233,SZSE.002233,,SZ,A股-深交所,2024-04-10,7.56,7.6,7.45,7.53,7.58,9593042,72291857.07,-0.6596,0.8051,1,0,none,baostock,query_history_k_data_plus
002233,SZSE.002233,,SZ,A股-深交所,2024-04-11,7.52,7.68,7.49,7.65,7.53,11693850,89053039.2,1.5936,0.9815,1,0,none,baostock,query_history_k_data_plus
002233,SZSE.002233,,SZ,A股-深交所,2024-04-12,7.6,7.7,7.58,7.59,7.65,7324679,55805955.98,-0.7843,0.6148,1,0,none,baostock,query_history_k_data_plus
002233,SZSE.002233,,SZ,A股-深交所,2024-04-15,7.59,7.68,7.45,7.61,7.59,13745269,104306259.64,0.2635,1.1536,1,0,none,baostock,query_history_k_data_plus
002233,SZSE.002233,,SZ,A股-深交所,2024-04-16,7.59,7.68,7.5,7.53,7.61,12578238,95167719.16,-1.0512,1.0557,1,0,none,baostock,query_history_k_data_plus
002233,SZSE.002233,,SZ,A股-深交所,2024-04-17,7.55,7.71,7.52,7.71,7.53,18753010,143654357.84,2.3904,1.5739,1,0,none,baostock,query_history_k_data_plus
002233,SZSE.002233,,SZ,A股-深交所,2024-04-18,7.71,7.79,7.65,7.72,7.71,13652800,105375102.51,0.1297,1.1459,1,0,none,baostock,query_history_k_data_plus
002233,SZSE.002233,,SZ,A股-深交所,2024-04-19,7.69,7.86,7.66,7.81,7.72,14195860,110792223.4,1.1658,1.1914,1,0,none,baostock,query_history_k_data_plus
002233,SZSE.002233,,SZ,A股-深交所,2024-04-22,7.87,7.93,7.73,7.77,7.81,12311692,96074046.6,-0.5122,1.0333,1,0,none,baostock,query_history_k_data_plus
002233,SZSE.002233,,SZ,A股-深交所,2024-04-23,7.65,7.66,7.39,7.43,7.77,19092622,143031431.71,-4.3758,1.6024,1,0,none,baostock,query_history_k_data_plus
002233,SZSE.002233,,SZ,A股-深交所,2024-04-24,7.42,7.56,7.41,7.56,7.43,9707998,72760510.58,1.7497,0.8148,1,0,none,baostock,query_history_k_data_plus
002233,SZSE.002233,,SZ,A股-深交所,2024-04-25,7.51,7.59,7.5,7.55,7.56,6396494,48256959.5,-0.1323,0.5369,1,0,none,baostock,query_history_k_data_plus
002233,SZSE.002233,,SZ,A股-深交所,2024-04-26,7.51,7.57,7.39,7.56,7.55,10557577,79044790.05,0.1325,0.8861,1,0,none,baostock,query_history_k_data_plus
002233,SZSE.002233,,SZ,A股-深交所,2024-04-29,7.57,7.68,7.51,7.67,7.56,18570540,141698282.01,1.455,1.5586,1,0,none,baostock,query_history_k_data_plus
002233,SZSE.002233,,SZ,A股-深交所,2024-04-30,7.18,7.19,6.84,6.92,7.18,18900224,131269936.03,-3.6212,1.5863,1,0,none,baostock,query_history_k_data_plus
002233,SZSE.002233,,SZ,A股-深交所,2024-05-06,6.98,7.1,6.98,7.04,6.92,14603763,102947922.08,1.7341,1.2257,1,0,none,baostock,query_history_k_data_plus
002233,SZSE.002233,,SZ,A股-深交所,2024-05-07,7.04,7.14,6.95,7.08,7.04,11536915,81069057.25,0.5682,0.9683,1,0,none,baostock,query_history_k_data_plus
002233,SZSE.002233,,SZ,A股-深交所,2024-05-08,7.06,7.1,6.96,6.96,7.08,8507748,59746760.92,-1.6949,0.714,1,0,none,baostock,query_history_k_data_plus
002233,SZSE.002233,,SZ,A股-深交所,2024-05-09,6.96,7.17,6.96,7.12,6.96,10090356,71732575.16,2.2989,0.8469,1,0,none,baostock,query_history_k_data_plus
002233,SZSE.002233,,SZ,A股-深交所,2024-05-10,7.12,7.19,7.07,7.18,7.12,9099748,64975947.75,0.8427,0.7637,1,0,none,baostock,query_history_k_data_plus
002233,SZSE.002233,,SZ,A股-深交所,2024-05-13,7.17,7.2,7.08,7.16,7.18,8777815,62713700.64,-0.2786,0.7367,1,0,none,baostock,query_history_k_data_plus
002233,SZSE.002233,,SZ,A股-深交所,2024-05-14,7.12,7.2,7.11,7.13,7.16,6440202,46050792.28,-0.419,0.5405,1,0,none,baostock,query_history_k_data_plus
002233,SZSE.002233,,SZ,A股-深交所,2024-05-15,7.13,7.33,7.11,7.19,7.13,16438101,118778086.28,0.8415,1.3796,1,0,none,baostock,query_history_k_data_plus
002233,SZSE.002233,,SZ,A股-深交所,2024-05-16,7.19,7.35,7.19,7.3,7.19,11894783,86666541.56,1.5299,0.9983,1,0,none,baostock,query_history_k_data_plus
002233,SZSE.002233,,SZ,A股-深交所,2024-05-17,7.4,7.44,7.24,7.41,7.3,13397401,98356247.27,1.5068,1.1244,1,0,none,baostock,query_history_k_data_plus
002233,SZSE.002233,,SZ,A股-深交所,2024-05-20,7.51,7.55,7.33,7.38,7.41,13479901,99637158.41,-0.4049,1.1314,1,0,none,baostock,query_history_k_data_plus
002233,SZSE.002233,,SZ,A股-深交所,2024-05-21,7.39,7.46,7.3,7.3,7.38,15789800,116257821.0,-1.084,1.3252,1,0,none,baostock,query_history_k_data_plus
002233,SZSE.002233,,SZ,A股-深交所,2024-05-22,7.31,7.41,7.29,7.3,7.3,18538525,136182169.48,0.0,1.5559,1,0,none,baostock,query_history_k_data_plus
002233,SZSE.002233,,SZ,A股-深交所,2024-05-23,7.3,7.35,7.09,7.11,7.3,10750202,77003389.2,-2.6027,0.9023,1,0,none,baostock,query_history_k_data_plus
002233,SZSE.002233,,SZ,A股-深交所,2024-05-24,7.09,7.16,7.06,7.08,7.11,6983000,49678037.0,-0.4219,0.5861,1,0,none,baostock,query_history_k_data_plus
002233,SZSE.002233,,SZ,A股-深交所,2024-05-27,7.09,7.2,7.05,7.17,7.08,8724400,62084471.0,1.2712,0.7322,1,0,none,baostock,query_history_k_data_plus
002233,SZSE.002233,,SZ,A股-深交所,2024-05-28,7.17,7.18,7.07,7.09,7.17,6602954,47013285.86,-1.1158,0.5542,1,0,none,baostock,query_history_k_data_plus
002233,SZSE.002233,,SZ,A股-深交所,2024-05-29,7.1,7.32,7.1,7.17,7.09,11560301,83583659.74,1.1283,0.9702,1,0,none,baostock,query_history_k_data_plus
002233,SZSE.002233,,SZ,A股-深交所,2024-05-30,7.17,7.2,7.06,7.08,7.17,7231500,51492873.0,-1.2552,0.6069,1,0,none,baostock,query_history_k_data_plus
002233,SZSE.002233,,SZ,A股-深交所,2024-05-31,7.06,7.13,6.96,7.0,7.08,13298565,93655060.0,-1.1299,1.1161,1,0,none,baostock,query_history_k_data_plus
002233,SZSE.002233,,SZ,A股-深交所,2024-06-03,6.86,6.97,6.8,6.84,7.0,11153939,76557805.49,-2.2857,0.9361,1,0,none,baostock,query_history_k_data_plus
002233,SZSE.002233,,SZ,A股-深交所,2024-06-04,6.85,6.95,6.78,6.94,6.84,7020859,48310112.74,1.462,0.5893,1,0,none,baostock,query_history_k_data_plus
002233,SZSE.002233,,SZ,A股-深交所,2024-06-05,6.92,6.95,6.83,6.84,6.94,5834700,40161488.0,-1.4409,0.4897,1,0,none,baostock,query_history_k_data_plus
002233,SZSE.002233,,SZ,A股-深交所,2024-06-06,6.85,6.91,6.74,6.77,6.84,7842900,53349295.0,-1.0234,0.6582,1,0,none,baostock,query_history_k_data_plus
002233,SZSE.002233,,SZ,A股-深交所,2024-06-07,6.8,6.88,6.69,6.8,6.77,8822120,59811287.3,0.4431,0.7404,1,0,none,baostock,query_history_k_data_plus
002233,SZSE.002233,,SZ,A股-深交所,2024-06-11,6.81,6.82,6.68,6.74,6.8,6329000,42556838.5,-0.8824,0.5312,1,0,none,baostock,query_history_k_data_plus
002233,SZSE.002233,,SZ,A股-深交所,2024-06-12,6.74,6.8,6.71,6.75,6.74,5951300,40245065.0,0.1484,0.4995,1,0,none,baostock,query_history_k_data_plus
002233,SZSE.002233,,SZ,A股-深交所,2024-06-13,6.73,6.78,6.67,6.75,6.75,8141840,54778519.9,0.0,0.6833,1,0,none,baostock,query_history_k_data_plus
002233,SZSE.002233,,SZ,A股-深交所,2024-06-14,6.72,6.8,6.65,6.76,6.75,8266033,55699418.74,0.1481,0.6938,1,0,none,baostock,query_history_k_data_plus
002233,SZSE.002233,,SZ,A股-深交所,2024-06-17,6.77,6.78,6.64,6.7,6.76,7374430,49415460.0,-0.8876,0.6189,1,0,none,baostock,query_history_k_data_plus
002233,SZSE.002233,,SZ,A股-深交所,2024-06-18,6.72,6.77,6.68,6.75,6.7,5686500,38236593.14,0.7463,0.4773,1,0,none,baostock,query_history_k_data_plus
002233,SZSE.002233,,SZ,A股-深交所,2024-06-19,6.75,6.79,6.71,6.72,6.75,4762459,32108143.26,-0.4444,0.3997,1,0,none,baostock,query_history_k_data_plus
002233,SZSE.002233,,SZ,A股-深交所,2024-06-20,6.71,6.73,6.65,6.68,6.72,3817457,25501686.06,-0.5952,0.3204,1,0,none,baostock,query_history_k_data_plus
002233,SZSE.002233,,SZ,A股-深交所,2024-06-21,6.68,6.84,6.68,6.8,6.68,6723453,45670107.44,1.7964,0.5643,1,0,none,baostock,query_history_k_data_plus
002233,SZSE.002233,,SZ,A股-深交所,2024-06-24,6.79,6.8,6.58,6.65,6.8,7729669,51530887.06,-2.2059,0.6487,1,0,none,baostock,query_history_k_data_plus
002233,SZSE.002233,,SZ,A股-深交所,2024-06-25,6.65,6.86,6.63,6.83,6.65,8454886,57100970.35,2.7068,0.7096,1,0,none,baostock,query_history_k_data_plus
002233,SZSE.002233,,SZ,A股-深交所,2024-06-26,6.76,7.0,6.76,7.0,6.83,9779139,67458401.72,2.489,0.8208,1,0,none,baostock,query_history_k_data_plus
002233,SZSE.002233,,SZ,A股-深交所,2024-06-27,7.0,7.05,6.93,7.03,7.0,8063647,56475562.74,0.4286,0.6768,1,0,none,baostock,query_history_k_data_plus
002233,SZSE.002233,,SZ,A股-深交所,2024-06-28,7.08,7.4,7.05,7.31,7.03,23832215,173981117.18,3.9829,2.0002,1,0,none,baostock,query_history_k_data_plus
002233,SZSE.002233,,SZ,A股-深交所,2024-07-01,7.27,7.36,7.25,7.27,7.31,11956300,87189793.0,-0.5472,1.0035,1,0,none,baostock,query_history_k_data_plus
002233,SZSE.002233,,SZ,A股-深交所,2024-07-02,7.28,7.42,7.25,7.31,7.27,13036441,95532243.85,0.5502,1.0941,1,0,none,baostock,query_history_k_data_plus
002233,SZSE.002233,,SZ,A股-深交所,2024-07-03,7.34,7.43,7.29,7.4,7.31,10330945,76298184.09,1.2312,0.8671,1,0,none,baostock,query_history_k_data_plus
002233,SZSE.002233,,SZ,A股-深交所,2024-07-04,7.42,7.43,7.32,7.36,7.4,9378001,69213286.41,-0.5405,0.7871,1,0,none,baostock,query_history_k_data_plus
002233,SZSE.002233,,SZ,A股-深交所,2024-07-05,7.35,7.39,7.28,7.33,7.36,8555300,62785611.0,-0.4076,0.718,1,0,none,baostock,query_history_k_data_plus
002233,SZSE.002233,,SZ,A股-深交所,2024-07-08,7.29,7.43,7.29,7.34,7.33,9587339,70702271.43,0.1364,0.8047,1,0,none,baostock,query_history_k_data_plus
002233,SZSE.002233,,SZ,A股-深交所,2024-07-09,7.21,7.33,7.15,7.25,7.34,10840613,78553364.48,-1.2262,0.9098,1,0,none,baostock,query_history_k_data_plus
002233,SZSE.002233,,SZ,A股-深交所,2024-07-10,7.24,7.26,7.15,7.22,7.25,7038774,50861205.83,-0.4138,0.5908,1,0,none,baostock,query_history_k_data_plus
002233,SZSE.002233,,SZ,A股-深交所,2024-07-11,7.28,7.38,7.18,7.35,7.22,9080518,66032784.59,1.8006,0.7621,1,0,none,baostock,query_history_k_data_plus
002233,SZSE.002233,,SZ,A股-深交所,2024-07-12,7.39,7.44,7.32,7.42,7.35,7159054,52911113.44,0.9524,0.6009,1,0,none,baostock,query_history_k_data_plus
002233,SZSE.002233,,SZ,A股-深交所,2024-07-15,7.41,7.54,7.38,7.5,7.42,8304200,62038418.18,1.0782,0.697,1,0,none,baostock,query_history_k_data_plus
002233,SZSE.002233,,SZ,A股-深交所,2024-07-16,7.45,7.52,7.35,7.38,7.5,5884800,43773497.0,-1.6,0.4939,1,0,none,baostock,query_history_k_data_plus
002233,SZSE.002233,,SZ,A股-深交所,2024-07-17,7.36,7.46,7.35,7.42,7.38,6036300,44769388.0,0.542,0.5066,1,0,none,baostock,query_history_k_data_plus
002233,SZSE.002233,,SZ,A股-深交所,2024-07-18,7.38,7.42,7.3,7.32,7.42,6795379,49865067.65,-1.3477,0.5703,1,0,none,baostock,query_history_k_data_plus
002233,SZSE.002233,,SZ,A股-深交所,2024-07-19,7.28,7.3,7.08,7.15,7.32,8381000,59881084.0,-2.3224,0.7034,1,0,none,baostock,query_history_k_data_plus
002233,SZSE.002233,,SZ,A股-深交所,2024-07-22,7.15,7.16,7.04,7.09,7.15,6355899,45037276.91,-0.8392,0.5334,1,0,none,baostock,query_history_k_data_plus
002233,SZSE.002233,,SZ,A股-深交所,2024-07-23,7.08,7.14,7.03,7.05,7.09,7577534,53749913.06,-0.5642,0.636,1,0,none,baostock,query_history_k_data_plus
002233,SZSE.002233,,SZ,A股-深交所,2024-07-24,7.07,7.16,6.99,7.06,7.05,8369952,59203846.76,0.1418,0.7025,1,0,none,baostock,query_history_k_data_plus
002233,SZSE.002233,,SZ,A股-深交所,2024-07-25,7.04,7.25,7.04,7.23,7.06,10740753,77135830.15,2.4079,0.9015,1,0,none,baostock,query_history_k_data_plus
002233,SZSE.002233,,SZ,A股-深交所,2024-07-26,7.28,7.28,7.15,7.22,7.23,6065265,43694089.25,-0.1383,0.5091,1,0,none,baostock,query_history_k_data_plus
002233,SZSE.002233,,SZ,A股-深交所,2024-07-29,7.2,7.22,7.11,7.15,7.22,4927136,35236476.42,-0.9695,0.4135,1,0,none,baostock,query_history_k_data_plus
002233,SZSE.002233,,SZ,A股-深交所,2024-07-30,7.14,7.18,7.09,7.16,7.15,4915000,35064694.0,0.1399,0.4125,1,0,none,baostock,query_history_k_data_plus
002233,SZSE.002233,,SZ,A股-深交所,2024-07-31,7.14,7.22,7.02,7.08,7.16,11666016,82787827.15,-1.1173,0.9791,1,0,none,baostock,query_history_k_data_plus
002233,SZSE.002233,,SZ,A股-深交所,2024-08-01,7.07,7.15,7.0,7.11,7.08,10725592,76060787.04,0.4237,0.9002,1,0,none,baostock,query_history_k_data_plus
002233,SZSE.002233,,SZ,A股-深交所,2024-08-02,7.07,7.24,7.06,7.16,7.11,7679891,54994938.68,0.7032,0.6446,1,0,none,baostock,query_history_k_data_plus
002233,SZSE.002233,,SZ,A股-深交所,2024-08-05,7.14,7.32,7.11,7.12,7.16,7656500,55078777.0,-0.5587,0.6426,1,0,none,baostock,query_history_k_data_plus
002233,SZSE.002233,,SZ,A股-深交所,2024-08-06,7.15,7.45,7.12,7.44,7.12,19545600,143154148.66,4.4944,1.6404,1,0,none,baostock,query_history_k_data_plus
002233,SZSE.002233,,SZ,A股-深交所,2024-08-07,7.44,7.53,7.37,7.46,7.44,11915101,88814333.02,0.2688,1.0,1,0,none,baostock,query_history_k_data_plus
002233,SZSE.002233,,SZ,A股-深交所,2024-08-08,7.44,7.53,7.4,7.49,7.46,8683300,64994820.8,0.4021,0.7288,1,0,none,baostock,query_history_k_data_plus
002233,SZSE.002233,,SZ,A股-深交所,2024-08-09,7.49,7.51,7.33,7.34,7.49,6596400,48899186.69,-2.0027,0.5536,1,0,none,baostock,query_history_k_data_plus
002233,SZSE.002233,,SZ,A股-深交所,2024-08-12,7.33,7.36,7.17,7.24,7.34,6814969,49296284.25,-1.3624,0.572,1,0,none,baostock,query_history_k_data_plus
002233,SZSE.002233,,SZ,A股-深交所,2024-08-13,7.2,7.31,7.19,7.29,7.24,3989970,28899681.9,0.6906,0.3349,1,0,none,baostock,query_history_k_data_plus
002233,SZSE.002233,,SZ,A股-深交所,2024-08-14,7.25,7.39,7.22,7.23,7.29,6175500,45013077.0,-0.823,0.5183,1,0,none,baostock,query_history_k_data_plus
002233,SZSE.002233,,SZ,A股-深交所,2024-08-15,7.23,7.24,7.12,7.16,7.23,8022800,57416124.98,-0.9682,0.6733,1,0,none,baostock,query_history_k_data_plus
002233,SZSE.002233,,SZ,A股-深交所,2024-08-16,7.14,7.17,7.09,7.1,7.16,5316600,37862650.0,-0.838,0.4462,1,0,none,baostock,query_history_k_data_plus
002233,SZSE.002233,,SZ,A股-深交所,2024-08-19,7.09,7.16,7.07,7.1,7.1,5066931,35989848.79,0.0,0.4253,1,0,none,baostock,query_history_k_data_plus
002233,SZSE.002233,,SZ,A股-深交所,2024-08-20,7.12,7.13,6.89,6.91,7.1,7758843,54075445.13,-2.6761,0.6512,1,0,none,baostock,query_history_k_data_plus
002233,SZSE.002233,,SZ,A股-深交所,2024-08-21,6.93,6.94,6.78,6.81,6.91,6698829,45737786.91,-1.4472,0.5622,1,0,none,baostock,query_history_k_data_plus
002233,SZSE.002233,,SZ,A股-深交所,2024-08-22,6.85,6.85,6.75,6.75,6.81,5207900,35349515.5,-0.8811,0.4371,1,0,none,baostock,query_history_k_data_plus
002233,SZSE.002233,,SZ,A股-深交所,2024-08-23,6.75,6.88,6.72,6.84,6.75,5074061,34620814.24,1.3333,0.4259,1,0,none,baostock,query_history_k_data_plus
002233,SZSE.002233,,SZ,A股-深交所,2024-08-26,6.82,7.03,6.82,6.95,6.84,8290855,57707722.71,1.6082,0.6958,1,0,none,baostock,query_history_k_data_plus
002233,SZSE.002233,,SZ,A股-深交所,2024-08-27,6.94,7.05,6.94,6.98,6.95,4734243,33071358.28,0.4317,0.3973,1,0,none,baostock,query_history_k_data_plus
002233,SZSE.002233,,SZ,A股-深交所,2024-08-28,6.98,7.02,6.91,6.94,6.98,3957400,27520712.99,-0.5731,0.3321,1,0,none,baostock,query_history_k_data_plus
002233,SZSE.002233,,SZ,A股-深交所,2024-08-29,6.96,7.0,6.87,6.94,6.94,5499922,38154380.82,0.0,0.4616,1,0,none,baostock,query_history_k_data_plus
002233,SZSE.002233,,SZ,A股-深交所,2024-08-30,6.95,7.05,6.87,6.99,6.94,7333612,51177778.28,0.7205,0.6155,1,0,none,baostock,query_history_k_data_plus
002233,SZSE.002233,,SZ,A股-深交所,2024-09-02,6.96,6.98,6.82,6.84,6.99,5933288,40729846.48,-2.1459,0.498,1,0,none,baostock,query_history_k_data_plus
002233,SZSE.002233,,SZ,A股-深交所,2024-09-03,6.83,6.85,6.76,6.8,6.84,4271702,29042978.89,-0.5848,0.3585,1,0,none,baostock,query_history_k_data_plus
002233,SZSE.002233,,SZ,A股-深交所,2024-09-04,6.77,6.82,6.63,6.66,6.8,6288600,42325344.0,-2.0588,0.5278,1,0,none,baostock,query_history_k_data_plus
002233,SZSE.002233,,SZ,A股-深交所,2024-09-05,6.66,6.78,6.65,6.76,6.66,6098871,41052445.99,1.5015,0.5119,1,0,none,baostock,query_history_k_data_plus
002233,SZSE.002233,,SZ,A股-深交所,2024-09-06,6.76,6.79,6.67,6.69,6.76,3078400,20660000.44,-1.0355,0.2584,1,0,none,baostock,query_history_k_data_plus
002233,SZSE.002233,,SZ,A股-深交所,2024-09-09,6.68,6.68,6.59,6.63,6.69,3994665,26502836.28,-0.8969,0.3353,1,0,none,baostock,query_history_k_data_plus
002233,SZSE.002233,,SZ,A股-深交所,2024-09-10,6.65,6.69,6.51,6.61,6.63,3108107,20436980.41,-0.3017,0.2609,1,0,none,baostock,query_history_k_data_plus
002233,SZSE.002233,,SZ,A股-深交所,2024-09-11,6.58,6.61,6.51,6.54,6.61,4000880,26218852.83,-1.059,0.3358,1,0,none,baostock,query_history_k_data_plus
002233,SZSE.002233,,SZ,A股-深交所,2024-09-12,6.55,6.68,6.55,6.65,6.54,4654284,30778845.73,1.682,0.3906,1,0,none,baostock,query_history_k_data_plus
002233,SZSE.002233,,SZ,A股-深交所,2024-09-13,6.63,6.79,6.61,6.77,6.65,8730619,58730399.7,1.8045,0.7328,1,0,none,baostock,query_history_k_data_plus
002233,SZSE.002233,,SZ,A股-深交所,2024-09-18,6.76,6.76,6.58,6.61,6.77,5220900,34652292.0,-2.3634,0.4382,1,0,none,baostock,query_history_k_data_plus
002233,SZSE.002233,,SZ,A股-深交所,2024-09-19,6.64,6.68,6.54,6.59,6.61,9177752,60573579.34,-0.3026,0.7703,1,0,none,baostock,query_history_k_data_plus
002233,SZSE.002233,,SZ,A股-深交所,2024-09-20,6.58,6.59,6.48,6.55,6.59,5640000,36803090.08,-0.607,0.4734,1,0,none,baostock,query_history_k_data_plus
002233,SZSE.002233,,SZ,A股-深交所,2024-09-23,6.53,6.72,6.51,6.69,6.55,6487843,42997187.24,2.1374,0.5445,1,0,none,baostock,query_history_k_data_plus
002233,SZSE.002233,,SZ,A股-深交所,2024-09-24,6.69,7.02,6.68,7.02,6.69,11798573,81541356.83,4.9327,0.9902,1,0,none,baostock,query_history_k_data_plus
002233,SZSE.002233,,SZ,A股-深交所,2024-09-25,7.1,7.34,7.07,7.24,7.02,10484071,75872079.05,3.1339,0.8799,1,0,none,baostock,query_history_k_data_plus
002233,SZSE.002233,,SZ,A股-深交所,2024-09-26,7.24,7.55,7.19,7.52,7.24,15677935,115714810.06,3.8674,1.3158,1,0,none,baostock,query_history_k_data_plus
002233,SZSE.002233,,SZ,A股-深交所,2024-09-27,7.66,7.83,7.51,7.6,7.52,18685063,142618726.01,1.0638,1.5682,1,0,none,baostock,query_history_k_data_plus
002233,SZSE.002233,,SZ,A股-深交所,2024-09-30,7.95,8.24,7.88,8.11,7.6,29371946,236506938.07,6.7105,2.4652,1,0,none,baostock,query_history_k_data_plus
002233,SZSE.002233,,SZ,A股-深交所,2024-10-08,8.81,8.89,7.96,8.19,8.11,33602403,279846001.98,0.9864,2.8202,1,0,none,baostock,query_history_k_data_plus
002233,SZSE.002233,,SZ,A股-深交所,2024-10-09,8.03,8.03,7.53,7.53,8.19,20880884,161652529.7,-8.0586,1.7525,1,0,none,baostock,query_history_k_data_plus
002233,SZSE.002233,,SZ,A股-深交所,2024-10-10,7.53,7.91,7.45,7.72,7.53,15121257,116604899.22,2.5232,1.2691,1,0,none,baostock,query_history_k_data_plus
002233,SZSE.002233,,SZ,A股-深交所,2024-10-11,7.7,7.77,7.49,7.57,7.72,14375881,109551756.97,-1.943,1.2066,1,0,none,baostock,query_history_k_data_plus
002233,SZSE.002233,,SZ,A股-深交所,2024-10-14,7.63,7.83,7.56,7.78,7.57,14603578,112779928.98,2.7741,1.2257,1,0,none,baostock,query_history_k_data_plus
002233,SZSE.002233,,SZ,A股-深交所,2024-10-15,7.78,7.82,7.6,7.61,7.78,9133618,70499355.85,-2.1851,0.7666,1,0,none,baostock,query_history_k_data_plus
002233,SZSE.002233,,SZ,A股-深交所,2024-10-16,7.53,7.9,7.53,7.79,7.61,15497692,120537698.84,2.3653,1.3007,1,0,none,baostock,query_history_k_data_plus
002233,SZSE.002233,,SZ,A股-深交所,2024-10-17,7.79,7.84,7.51,7.51,7.79,11377890,86747763.4,-3.5944,0.9549,1,0,none,baostock,query_history_k_data_plus
002233,SZSE.002233,,SZ,A股-深交所,2024-10-18,7.53,7.73,7.39,7.65,7.51,14961565,113062067.6,1.8642,1.2557,1,0,none,baostock,query_history_k_data_plus
002233,SZSE.002233,,SZ,A股-深交所,2024-10-21,7.66,7.7,7.53,7.57,7.65,10857900,82593944.0,-1.0458,0.9113,1,0,none,baostock,query_history_k_data_plus
002233,SZSE.002233,,SZ,A股-深交所,2024-10-22,7.57,7.6,7.51,7.59,7.57,6193051,46787096.76,0.2642,0.5198,1,0,none,baostock,query_history_k_data_plus
002233,SZSE.002233,,SZ,A股-深交所,2024-10-23,7.58,7.75,7.58,7.62,7.59,10442741,79877176.19,0.3953,0.8764,1,0,none,baostock,query_history_k_data_plus
002233,SZSE.002233,,SZ,A股-深交所,2024-10-24,7.61,7.62,7.5,7.6,7.62,8563600,64592904.0,-0.2625,0.7187,1,0,none,baostock,query_history_k_data_plus
002233,SZSE.002233,,SZ,A股-深交所,2024-10-25,7.59,7.82,7.56,7.78,7.6,13044114,100629909.22,2.3684,1.0948,1,0,none,baostock,query_history_k_data_plus
002233,SZSE.002233,,SZ,A股-深交所,2024-10-28,7.78,7.99,7.73,7.95,7.78,15226695,120529655.68,2.1851,1.278,1,0,none,baostock,query_history_k_data_plus
002233,SZSE.002233,,SZ,A股-深交所,2024-10-29,7.95,7.99,7.65,7.68,7.95,11913722,92491475.74,-3.3962,0.9999,1,0,none,baostock,query_history_k_data_plus
002233,SZSE.002233,,SZ,A股-深交所,2024-10-30,7.67,7.86,7.65,7.8,7.68,10692503,83328967.11,1.5625,0.8974,1,0,none,baostock,query_history_k_data_plus
002233,SZSE.002233,,SZ,A股-深交所,2024-10-31,7.84,7.9,7.7,7.85,7.8,12200400,95628016.0,0.641,1.024,1,0,none,baostock,query_history_k_data_plus
002233,SZSE.002233,,SZ,A股-深交所,2024-11-01,7.8,7.99,7.78,7.8,7.85,13759186,108292278.05,-0.6369,1.1548,1,0,none,baostock,query_history_k_data_plus
002233,SZSE.002233,,SZ,A股-深交所,2024-11-04,7.84,7.89,7.69,7.89,7.8,10577791,82547769.85,1.1538,0.8878,1,0,none,baostock,query_history_k_data_plus
002233,SZSE.002233,,SZ,A股-深交所,2024-11-05,7.9,8.08,7.84,8.03,7.89,17626702,140834199.4,1.7744,1.4794,1,0,none,baostock,query_history_k_data_plus
002233,SZSE.002233,,SZ,A股-深交所,2024-11-06,8.02,8.1,7.87,7.98,8.03,15047156,119796571.95,-0.6227,1.2629,1,0,none,baostock,query_history_k_data_plus
002233,SZSE.002233,,SZ,A股-深交所,2024-11-07,7.95,8.18,7.85,8.15,7.98,13300981,107799239.47,2.1303,1.1163,1,0,none,baostock,query_history_k_data_plus
002233,SZSE.002233,,SZ,A股-深交所,2024-11-08,8.18,8.21,7.87,7.91,8.15,20565375,163784506.03,-2.9448,1.726,1,0,none,baostock,query_history_k_data_plus
002233,SZSE.002233,,SZ,A股-深交所,2024-11-11,7.88,7.88,7.74,7.78,7.91,13587340,105653234.85,-1.6435,1.1404,1,0,none,baostock,query_history_k_data_plus
002233,SZSE.002233,,SZ,A股-深交所,2024-11-12,7.78,7.88,7.69,7.74,7.78,11423280,88971844.38,-0.5141,0.9587,1,0,none,baostock,query_history_k_data_plus
002233,SZSE.002233,,SZ,A股-深交所,2024-11-13,7.72,7.8,7.69,7.77,7.74,8834800,68476734.0,0.3876,0.7415,1,0,none,baostock,query_history_k_data_plus
002233,SZSE.002233,,SZ,A股-深交所,2024-11-14,7.79,7.81,7.62,7.66,7.77,13011402,100096723.87,-1.4157,1.092,1,0,none,baostock,query_history_k_data_plus
002233,SZSE.002233,,SZ,A股-深交所,2024-11-15,7.63,7.75,7.61,7.63,7.66,8017212,61664182.15,-0.3916,0.6729,1,0,none,baostock,query_history_k_data_plus
002233,SZSE.002233,,SZ,A股-深交所,2024-11-18,7.75,7.96,7.73,7.77,7.63,15972753,125529712.34,1.8349,1.3406,1,0,none,baostock,query_history_k_data_plus
002233,SZSE.002233,,SZ,A股-深交所,2024-11-19,7.77,7.85,7.69,7.82,7.77,9973801,77447040.79,0.6435,0.8371,1,0,none,baostock,query_history_k_data_plus
002233,SZSE.002233,,SZ,A股-深交所,2024-11-20,7.8,7.87,7.72,7.85,7.82,10335702,80644633.62,0.3836,0.8675,1,0,none,baostock,query_history_k_data_plus
002233,SZSE.002233,,SZ,A股-深交所,2024-11-21,7.84,7.86,7.74,7.79,7.85,6431532,50082483.64,-0.7643,0.5398,1,0,none,baostock,query_history_k_data_plus
002233,SZSE.002233,,SZ,A股-深交所,2024-11-22,7.78,7.82,7.56,7.58,7.79,10245500,78786045.63,-2.6958,0.8599,1,0,none,baostock,query_history_k_data_plus
002233,SZSE.002233,,SZ,A股-深交所,2024-11-25,7.59,7.72,7.55,7.67,7.58,11122100,85188951.82,1.1873,0.9335,1,0,none,baostock,query_history_k_data_plus
002233,SZSE.002233,,SZ,A股-深交所,2024-11-26,7.67,7.73,7.59,7.62,7.67,6825743,52301408.09,-0.6519,0.5729,1,0,none,baostock,query_history_k_data_plus
002233,SZSE.002233,,SZ,A股-深交所,2024-11-27,7.61,7.65,7.47,7.63,7.62,10238926,77391679.46,0.1312,0.8593,1,0,none,baostock,query_history_k_data_plus
002233,SZSE.002233,,SZ,A股-深交所,2024-11-28,7.64,7.71,7.61,7.68,7.63,6953463,53337441.45,0.6553,0.5836,1,0,none,baostock,query_history_k_data_plus
002233,SZSE.002233,,SZ,A股-深交所,2024-11-29,7.67,7.75,7.66,7.7,7.68,10479000,80696369.0,0.2604,0.8795,1,0,none,baostock,query_history_k_data_plus
002233,SZSE.002233,,SZ,A股-深交所,2024-12-02,7.7,7.74,7.67,7.7,7.7,13404401,103179001.68,0.0,1.125,1,0,none,baostock,query_history_k_data_plus
002233,SZSE.002233,,SZ,A股-深交所,2024-12-03,7.71,7.76,7.65,7.71,7.7,11203902,86358710.45,0.1299,0.9403,1,0,none,baostock,query_history_k_data_plus
002233,SZSE.002233,,SZ,A股-深交所,2024-12-04,7.7,7.72,7.58,7.6,7.71,11111240,84848899.03,-1.4267,0.9326,1,0,none,baostock,query_history_k_data_plus
002233,SZSE.002233,,SZ,A股-深交所,2024-12-05,7.61,7.64,7.51,7.6,7.6,10415514,78902319.9,0.0,0.8742,1,0,none,baostock,query_history_k_data_plus
002233,SZSE.002233,,SZ,A股-深交所,2024-12-06,7.6,7.78,7.59,7.78,7.6,16041436,123806131.6,2.3684,1.3463,1,0,none,baostock,query_history_k_data_plus
002233,SZSE.002233,,SZ,A股-深交所,2024-12-09,7.79,7.8,7.63,7.68,7.78,9370459,72240362.93,-1.2853,0.7865,1,0,none,baostock,query_history_k_data_plus
002233,SZSE.002233,,SZ,A股-深交所,2024-12-10,7.82,7.87,7.71,7.73,7.68,12627551,98313478.39,0.651,1.0598,1,0,none,baostock,query_history_k_data_plus
002233,SZSE.002233,,SZ,A股-深交所,2024-12-11,7.71,7.87,7.71,7.79,7.73,11411257,89123928.43,0.7762,0.9577,1,0,none,baostock,query_history_k_data_plus
002233,SZSE.002233,,SZ,A股-深交所,2024-12-12,7.82,7.94,7.74,7.9,7.79,13481203,105742737.81,1.4121,1.1315,1,0,none,baostock,query_history_k_data_plus
002233,SZSE.002233,,SZ,A股-深交所,2024-12-13,7.87,7.89,7.65,7.65,7.9,14088424,109203231.84,-3.1646,1.1824,1,0,none,baostock,query_history_k_data_plus
002233,SZSE.002233,,SZ,A股-深交所,2024-12-16,7.68,7.73,7.62,7.65,7.65,8770938,67336277.8,0.0,0.7361,1,0,none,baostock,query_history_k_data_plus
002233,SZSE.002233,,SZ,A股-深交所,2024-12-17,7.67,7.7,7.53,7.6,7.65,8926901,67852406.63,-0.6536,0.7492,1,0,none,baostock,query_history_k_data_plus
002233,SZSE.002233,,SZ,A股-深交所,2024-12-18,7.63,7.69,7.6,7.6,7.6,4943601,37778206.6,0.0,0.4149,1,0,none,baostock,query_history_k_data_plus
002233,SZSE.002233,,SZ,A股-深交所,2024-12-19,7.57,7.62,7.44,7.5,7.6,10275601,77058648.47,-1.3158,0.8624,1,0,none,baostock,query_history_k_data_plus
002233,SZSE.002233,,SZ,A股-深交所,2024-12-20,7.5,7.54,7.45,7.46,7.5,4441210,33258497.23,-0.5333,0.3727,1,0,none,baostock,query_history_k_data_plus
002233,SZSE.002233,,SZ,A股-深交所,2024-12-23,7.45,7.53,7.41,7.46,7.46,6487500,48534170.0,0.0,0.5445,1,0,none,baostock,query_history_k_data_plus
002233,SZSE.002233,,SZ,A股-深交所,2024-12-24,7.45,7.62,7.45,7.62,7.46,7005426,52973474.68,2.1448,0.588,1,0,none,baostock,query_history_k_data_plus
002233,SZSE.002233,,SZ,A股-深交所,2024-12-25,7.6,7.65,7.52,7.64,7.62,5312900,40367108.98,0.2625,0.4459,1,0,none,baostock,query_history_k_data_plus
002233,SZSE.002233,,SZ,A股-深交所,2024-12-26,7.64,7.69,7.6,7.6,7.64,5425200,41453100.0,-0.5236,0.4553,1,0,none,baostock,query_history_k_data_plus
002233,SZSE.002233,,SZ,A股-深交所,2024-12-27,7.6,7.69,7.58,7.66,7.6,5187200,39708803.0,0.7895,0.4354,1,0,none,baostock,query_history_k_data_plus
002233,SZSE.002233,,SZ,A股-深交所,2024-12-30,7.66,7.7,7.56,7.67,7.66,7421900,56772899.33,0.1305,0.6229,1,0,none,baostock,query_history_k_data_plus
002233,SZSE.002233,,SZ,A股-深交所,2024-12-31,7.67,7.78,7.66,7.67,7.67,9828001,75972678.14,0.0,0.8249,1,0,none,baostock,query_history_k_data_plus
002233,SZSE.002233,,SZ,A股-深交所,2025-01-02,7.7,7.86,7.51,7.56,7.67,13820272,107021612.21,-1.4342,1.1599,1,0,none,baostock,query_history_k_data_plus
002233,SZSE.002233,,SZ,A股-深交所,2025-01-03,7.59,7.67,7.41,7.45,7.56,10209314,76879869.3,-1.455,0.8569,1,0,none,baostock,query_history_k_data_plus
002233,SZSE.002233,,SZ,A股-深交所,2025-01-06,7.43,7.67,7.42,7.59,7.45,9126337,69145539.88,1.8792,0.766,1,0,none,baostock,query_history_k_data_plus
002233,SZSE.002233,,SZ,A股-深交所,2025-01-07,7.59,7.68,7.39,7.46,7.59,10054100,75448728.73,-1.7128,0.8438,1,0,none,baostock,query_history_k_data_plus
002233,SZSE.002233,,SZ,A股-深交所,2025-01-08,7.46,7.52,7.28,7.38,7.46,8236444,60958448.72,-1.0724,0.6913,1,0,none,baostock,query_history_k_data_plus
002233,SZSE.002233,,SZ,A股-深交所,2025-01-09,7.34,7.35,7.26,7.26,7.38,5873600,42807124.0,-1.626,0.493,1,0,none,baostock,query_history_k_data_plus
002233,SZSE.002233,,SZ,A股-深交所,2025-01-10,7.28,7.32,7.19,7.19,7.26,4908867,35602814.14,-0.9642,0.412,1,0,none,baostock,query_history_k_data_plus
002233,SZSE.002233,,SZ,A股-深交所,2025-01-13,7.17,7.3,7.1,7.2,7.19,5981890,43014768.98,0.1391,0.5021,1,0,none,baostock,query_history_k_data_plus
002233,SZSE.002233,,SZ,A股-深交所,2025-01-14,7.2,7.3,7.2,7.3,7.2,7863404,57035684.61,1.3889,0.66,1,0,none,baostock,query_history_k_data_plus
002233,SZSE.002233,,SZ,A股-深交所,2025-01-15,7.27,7.32,7.22,7.3,7.3,5767423,41926660.67,0.0,0.4841,1,0,none,baostock,query_history_k_data_plus
002233,SZSE.002233,,SZ,A股-深交所,2025-01-16,7.3,7.42,7.26,7.39,7.3,6059323,44699293.51,1.2329,0.5086,1,0,none,baostock,query_history_k_data_plus
002233,SZSE.002233,,SZ,A股-深交所,2025-01-17,7.36,7.5,7.31,7.48,7.39,6431001,47820344.44,1.2179,0.5397,1,0,none,baostock,query_history_k_data_plus
002233,SZSE.002233,,SZ,A股-深交所,2025-01-20,7.5,7.52,7.38,7.4,7.48,6442759,47951349.39,-1.0695,0.5407,1,0,none,baostock,query_history_k_data_plus
002233,SZSE.002233,,SZ,A股-深交所,2025-01-21,7.41,7.42,7.3,7.38,7.4,4533249,33331150.36,-0.2703,0.3805,1,0,none,baostock,query_history_k_data_plus
002233,SZSE.002233,,SZ,A股-深交所,2025-01-22,7.36,7.44,7.32,7.43,7.38,4582602,33810711.78,0.6775,0.3846,1,0,none,baostock,query_history_k_data_plus
002233,SZSE.002233,,SZ,A股-深交所,2025-01-23,7.47,7.58,7.46,7.48,7.43,6193510,46592241.45,0.6729,0.5198,1,0,none,baostock,query_history_k_data_plus
002233,SZSE.002233,,SZ,A股-深交所,2025-01-24,7.5,7.83,7.46,7.81,7.48,14768549,113647807.01,4.4118,1.2395,1,0,none,baostock,query_history_k_data_plus
002233,SZSE.002233,,SZ,A股-深交所,2025-01-27,7.83,7.94,7.77,7.85,7.81,12275825,96761276.54,0.5122,1.0303,1,0,none,baostock,query_history_k_data_plus
002233,SZSE.002233,,SZ,A股-深交所,2025-02-05,7.88,7.89,7.53,7.55,7.85,10891013,83558984.01,-3.8217,0.9141,1,0,none,baostock,query_history_k_data_plus
002233,SZSE.002233,,SZ,A股-深交所,2025-02-06,7.55,7.58,7.46,7.53,7.55,7214021,54154852.5,-0.2649,0.6055,1,0,none,baostock,query_history_k_data_plus
002233,SZSE.002233,,SZ,A股-深交所,2025-02-07,7.54,7.66,7.49,7.62,7.53,7020500,53278357.77,1.1952,0.5892,1,0,none,baostock,query_history_k_data_plus
002233,SZSE.002233,,SZ,A股-深交所,2025-02-10,7.65,7.73,7.58,7.63,7.62,7316400,56026023.0,0.1312,0.6141,1,0,none,baostock,query_history_k_data_plus
002233,SZSE.002233,,SZ,A股-深交所,2025-02-11,7.66,7.68,7.55,7.65,7.63,6229500,47452394.0,0.2621,0.5228,1,0,none,baostock,query_history_k_data_plus
002233,SZSE.002233,,SZ,A股-深交所,2025-02-12,7.63,7.67,7.52,7.6,7.65,6030000,45719514.0,-0.6536,0.5061,1,0,none,baostock,query_history_k_data_plus
002233,SZSE.002233,,SZ,A股-深交所,2025-02-13,7.62,7.65,7.56,7.59,7.6,6869124,52252870.53,-0.1316,0.5765,1,0,none,baostock,query_history_k_data_plus
002233,SZSE.002233,,SZ,A股-深交所,2025-02-14,7.58,7.63,7.51,7.53,7.59,4551123,34363205.22,-0.7905,0.382,1,0,none,baostock,query_history_k_data_plus
002233,SZSE.002233,,SZ,A股-深交所,2025-02-17,7.53,7.58,7.4,7.48,7.53,7658904,57302678.94,-0.664,0.6428,1,0,none,baostock,query_history_k_data_plus
002233,SZSE.002233,,SZ,A股-深交所,2025-02-18,7.5,7.52,7.41,7.44,7.48,4853300,36242112.0,-0.5348,0.4073,1,0,none,baostock,query_history_k_data_plus
002233,SZSE.002233,,SZ,A股-深交所,2025-02-19,7.46,7.48,7.4,7.44,7.44,5019723,37313299.66,0.0,0.4213,1,0,none,baostock,query_history_k_data_plus
002233,SZSE.002233,,SZ,A股-深交所,2025-02-20,7.43,7.48,7.4,7.42,7.44,4301621,31949319.59,-0.2688,0.361,1,0,none,baostock,query_history_k_data_plus
002233,SZSE.002233,,SZ,A股-深交所,2025-02-21,7.42,7.44,7.36,7.42,7.42,5528320,40899332.0,0.0,0.464,1,0,none,baostock,query_history_k_data_plus
002233,SZSE.002233,,SZ,A股-深交所,2025-02-24,7.42,7.52,7.4,7.44,7.42,7541910,56355908.9,0.2695,0.633,1,0,none,baostock,query_history_k_data_plus
002233,SZSE.002233,,SZ,A股-深交所,2025-02-25,7.42,7.46,7.36,7.39,7.44,5765801,42646281.39,-0.672,0.4839,1,0,none,baostock,query_history_k_data_plus
002233,SZSE.002233,,SZ,A股-深交所,2025-02-26,7.38,7.5,7.38,7.46,7.39,4643514,34613072.9,0.9472,0.3897,1,0,none,baostock,query_history_k_data_plus
002233,SZSE.002233,,SZ,A股-深交所,2025-02-27,7.48,7.55,7.44,7.55,7.46,8071817,60415231.84,1.2064,0.6775,1,0,none,baostock,query_history_k_data_plus
002233,SZSE.002233,,SZ,A股-深交所,2025-02-28,7.54,7.58,7.48,7.53,7.55,6822400,51343555.0,-0.2649,0.5726,1,0,none,baostock,query_history_k_data_plus
002233,SZSE.002233,,SZ,A股-深交所,2025-03-03,7.51,7.57,7.44,7.47,7.53,7892700,59251000.0,-0.7968,0.6624,1,0,none,baostock,query_history_k_data_plus
002233,SZSE.002233,,SZ,A股-深交所,2025-03-04,7.47,7.61,7.44,7.56,7.47,8106610,61204326.3,1.2048,0.6804,1,0,none,baostock,query_history_k_data_plus
002233,SZSE.002233,,SZ,A股-深交所,2025-03-05,7.62,7.74,7.52,7.66,7.56,8669694,66422822.1,1.3228,0.7276,1,0,none,baostock,query_history_k_data_plus
002233,SZSE.002233,,SZ,A股-深交所,2025-03-06,7.67,7.68,7.59,7.66,7.66,8645621,65969272.02,0.0,0.7256,1,0,none,baostock,query_history_k_data_plus
002233,SZSE.002233,,SZ,A股-深交所,2025-03-07,7.64,7.76,7.63,7.69,7.66,8580602,66077976.26,0.3916,0.7202,1,0,none,baostock,query_history_k_data_plus
002233,SZSE.002233,,SZ,A股-深交所,2025-03-10,7.72,7.76,7.63,7.74,7.69,7740220,59613183.68,0.6502,0.6496,1,0,none,baostock,query_history_k_data_plus
002233,SZSE.002233,,SZ,A股-深交所,2025-03-11,7.71,7.82,7.68,7.82,7.74,7319356,56941417.94,1.0336,0.6143,1,0,none,baostock,query_history_k_data_plus
002233,SZSE.002233,,SZ,A股-深交所,2025-03-12,7.83,7.83,7.72,7.79,7.82,6525546,50639244.86,-0.3836,0.5477,1,0,none,baostock,query_history_k_data_plus
002233,SZSE.002233,,SZ,A股-深交所,2025-03-13,7.78,7.83,7.74,7.8,7.79,8763761,68177021.69,0.1284,0.7355,1,0,none,baostock,query_history_k_data_plus
002233,SZSE.002233,,SZ,A股-深交所,2025-03-14,7.81,7.83,7.75,7.82,7.8,7943972,61981342.32,0.2564,0.6667,1,0,none,baostock,query_history_k_data_plus
002233,SZSE.002233,,SZ,A股-深交所,2025-03-17,7.84,7.91,7.81,7.88,7.82,10451121,82349521.69,0.7673,0.8772,1,0,none,baostock,query_history_k_data_plus
002233,SZSE.002233,,SZ,A股-深交所,2025-03-18,7.92,8.03,7.86,8.01,7.88,12537201,99759764.72,1.6497,1.0522,1,0,none,baostock,query_history_k_data_plus
002233,SZSE.002233,,SZ,A股-深交所,2025-03-19,8.01,8.12,7.96,8.03,8.01,13437732,107958366.85,0.2497,1.1278,1,0,none,baostock,query_history_k_data_plus
002233,SZSE.002233,,SZ,A股-深交所,2025-03-20,8.09,8.16,7.99,8.04,8.03,10890688,87899294.68,0.1245,0.914,1,0,none,baostock,query_history_k_data_plus
002233,SZSE.002233,,SZ,A股-深交所,2025-03-21,7.99,8.09,7.97,8.03,8.04,7144477,57377506.93,-0.1244,0.5996,1,0,none,baostock,query_history_k_data_plus
002233,SZSE.002233,,SZ,A股-深交所,2025-03-24,8.06,8.15,8.01,8.15,8.03,13187704,106576306.32,1.4944,1.1068,1,0,none,baostock,query_history_k_data_plus
002233,SZSE.002233,,SZ,A股-深交所,2025-03-25,8.09,8.19,8.06,8.15,8.15,8399536,68367915.08,0.0,0.705,1,0,none,baostock,query_history_k_data_plus
002233,SZSE.002233,,SZ,A股-深交所,2025-03-26,8.17,8.18,8.08,8.14,8.15,6516700,52989218.0,-0.1227,0.5469,1,0,none,baostock,query_history_k_data_plus
002233,SZSE.002233,,SZ,A股-深交所,2025-03-27,8.13,8.2,8.07,8.15,8.14,7826902,63788596.28,0.1229,0.6569,1,0,none,baostock,query_history_k_data_plus
002233,SZSE.002233,,SZ,A股-深交所,2025-03-28,8.16,8.17,8.05,8.07,8.15,6751992,54684983.07,-0.9816,0.5667,1,0,none,baostock,query_history_k_data_plus
002233,SZSE.002233,,SZ,A股-深交所,2025-03-31,8.07,8.17,8.04,8.08,8.07,10471400,84875563.0,0.1239,0.8789,1,0,none,baostock,query_history_k_data_plus
002233,SZSE.002233,,SZ,A股-深交所,2025-04-01,8.08,8.16,8.03,8.13,8.08,7959800,64460622.0,0.6188,0.6681,1,0,none,baostock,query_history_k_data_plus
002233,SZSE.002233,,SZ,A股-深交所,2025-04-02,8.13,8.21,8.12,8.18,8.13,5024300,41102300.0,0.615,0.4217,1,0,none,baostock,query_history_k_data_plus
002233,SZSE.002233,,SZ,A股-深交所,2025-04-03,8.12,8.28,8.12,8.2,8.18,8033953,66024448.54,0.2445,0.6743,1,0,none,baostock,query_history_k_data_plus
002233,SZSE.002233,,SZ,A股-深交所,2025-04-07,8.05,8.09,7.45,7.58,8.2,18203110,142621669.07,-7.561,1.5278,1,0,none,baostock,query_history_k_data_plus
002233,SZSE.002233,,SZ,A股-深交所,2025-04-08,7.58,8.07,7.58,7.99,7.58,20915256,165652741.84,5.409,1.7554,1,0,none,baostock,query_history_k_data_plus
002233,SZSE.002233,,SZ,A股-深交所,2025-04-09,7.92,8.05,7.73,8.0,7.99,14900194,117419026.59,0.1252,1.2506,1,0,none,baostock,query_history_k_data_plus
002233,SZSE.002233,,SZ,A股-深交所,2025-04-10,8.06,8.09,7.93,8.04,8.0,9456501,75934143.02,0.5,0.7937,1,0,none,baostock,query_history_k_data_plus
002233,SZSE.002233,,SZ,A股-深交所,2025-04-11,8.0,8.06,7.91,8.0,8.04,7437366,59348956.86,-0.4975,0.6242,1,0,none,baostock,query_history_k_data_plus
002233,SZSE.002233,,SZ,A股-深交所,2025-04-14,8.0,8.03,7.9,7.96,8.0,6363797,50552630.05,-0.5,0.5341,1,0,none,baostock,query_history_k_data_plus
002233,SZSE.002233,,SZ,A股-深交所,2025-04-15,7.95,7.97,7.85,7.94,7.96,5799803,45868731.67,-0.2513,0.4868,1,0,none,baostock,query_history_k_data_plus
002233,SZSE.002233,,SZ,A股-深交所,2025-04-16,7.9,7.99,7.8,7.94,7.94,7519903,59275906.62,0.0,0.6311,1,0,none,baostock,query_history_k_data_plus
002233,SZSE.002233,,SZ,A股-深交所,2025-04-17,7.92,8.05,7.88,7.93,7.94,6843712,54566509.4,-0.1259,0.5744,1,0,none,baostock,query_history_k_data_plus
002233,SZSE.002233,,SZ,A股-深交所,2025-04-18,7.9,7.97,7.87,7.96,7.93,5276302,41801452.88,0.3783,0.4428,1,0,none,baostock,query_history_k_data_plus
002233,SZSE.002233,,SZ,A股-深交所,2025-04-21,7.96,7.99,7.86,7.87,7.96,8047600,63569984.0,-1.1307,0.6754,1,0,none,baostock,query_history_k_data_plus
002233,SZSE.002233,,SZ,A股-深交所,2025-04-22,7.84,8.0,7.76,7.98,7.87,10722856,84717554.17,1.3977,0.9,1,0,none,baostock,query_history_k_data_plus
002233,SZSE.002233,,SZ,A股-深交所,2025-04-23,8.08,8.1,7.98,8.04,7.98,9408114,75653579.56,0.7519,0.7896,1,0,none,baostock,query_history_k_data_plus
002233,SZSE.002233,,SZ,A股-深交所,2025-04-24,8.02,8.16,8.0,8.15,8.04,9050512,73115437.21,1.3682,0.7596,1,0,none,baostock,query_history_k_data_plus
002233,SZSE.002233,,SZ,A股-深交所,2025-04-25,8.16,8.26,8.13,8.23,8.15,10035100,82439925.0,0.9816,0.8422,1,0,none,baostock,query_history_k_data_plus
002233,SZSE.002233,,SZ,A股-深交所,2025-04-28,8.23,8.23,8.05,8.1,8.23,8968182,72904447.32,-1.5796,0.7527,1,0,none,baostock,query_history_k_data_plus
002233,SZSE.002233,,SZ,A股-深交所,2025-04-29,7.7,7.74,7.5,7.53,7.66,10457819,79399083.16,-1.6971,0.8777,1,0,none,baostock,query_history_k_data_plus
002233,SZSE.002233,,SZ,A股-深交所,2025-04-30,7.56,7.56,7.39,7.4,7.53,11977554,89176584.46,-1.7264,1.0053,1,0,none,baostock,query_history_k_data_plus
002233,SZSE.002233,,SZ,A股-深交所,2025-05-06,7.44,7.52,7.37,7.46,7.4,8843422,65862826.55,0.8108,0.7422,1,0,none,baostock,query_history_k_data_plus
002233,SZSE.002233,,SZ,A股-深交所,2025-05-07,7.57,7.62,7.42,7.48,7.46,8375854,62797154.87,0.2681,0.703,1,0,none,baostock,query_history_k_data_plus
002233,SZSE.002233,,SZ,A股-深交所,2025-05-08,7.45,7.51,7.4,7.41,7.48,10192101,75771489.68,-0.9358,0.8554,1,0,none,baostock,query_history_k_data_plus
002233,SZSE.002233,,SZ,A股-深交所,2025-05-09,7.44,7.65,7.41,7.61,7.41,12447156,93463082.64,2.6991,1.0447,1,0,none,baostock,query_history_k_data_plus
002233,SZSE.002233,,SZ,A股-深交所,2025-05-12,7.59,7.69,7.5,7.68,7.61,10219010,77893248.1,0.9198,0.8577,1,0,none,baostock,query_history_k_data_plus
002233,SZSE.002233,,SZ,A股-深交所,2025-05-13,7.75,7.75,7.62,7.67,7.68,5196691,39816972.06,-0.1302,0.4362,1,0,none,baostock,query_history_k_data_plus
002233,SZSE.002233,,SZ,A股-深交所,2025-05-14,7.71,7.71,7.57,7.64,7.67,4998000,38202160.0,-0.3911,0.4195,1,0,none,baostock,query_history_k_data_plus
002233,SZSE.002233,,SZ,A股-深交所,2025-05-15,7.67,7.69,7.6,7.65,7.64,5060982,38742760.16,0.1309,0.4248,1,0,none,baostock,query_history_k_data_plus
002233,SZSE.002233,,SZ,A股-深交所,2025-05-16,7.67,7.67,7.47,7.51,7.65,6559257,49370166.95,-1.8301,0.5505,1,0,none,baostock,query_history_k_data_plus
002233,SZSE.002233,,SZ,A股-深交所,2025-05-19,7.51,7.58,7.49,7.57,7.51,4987300,37660421.0,0.7989,0.4186,1,0,none,baostock,query_history_k_data_plus
002233,SZSE.002233,,SZ,A股-深交所,2025-05-20,7.58,7.7,7.53,7.63,7.57,6773102,51509841.17,0.7926,0.5685,1,0,none,baostock,query_history_k_data_plus
002233,SZSE.002233,,SZ,A股-深交所,2025-05-21,7.64,7.74,7.63,7.72,7.63,5832501,44878859.66,1.1796,0.4895,1,0,none,baostock,query_history_k_data_plus
002233,SZSE.002233,,SZ,A股-深交所,2025-05-22,7.74,7.76,7.64,7.66,7.72,4247200,32688769.72,-0.7772,0.3565,1,0,none,baostock,query_history_k_data_plus
002233,SZSE.002233,,SZ,A股-深交所,2025-05-23,7.71,7.83,7.68,7.77,7.66,8700229,67613306.15,1.436,0.7302,1,0,none,baostock,query_history_k_data_plus
002233,SZSE.002233,,SZ,A股-深交所,2025-05-26,7.77,7.83,7.67,7.7,7.77,7355800,56842915.0,-0.9009,0.6174,1,0,none,baostock,query_history_k_data_plus
002233,SZSE.002233,,SZ,A股-深交所,2025-05-27,7.67,7.71,7.56,7.64,7.7,8229003,62738563.79,-0.7792,0.6907,1,0,none,baostock,query_history_k_data_plus
002233,SZSE.002233,,SZ,A股-深交所,2025-05-28,7.66,7.7,7.61,7.65,7.64,7419701,56751285.66,0.1309,0.6227,1,0,none,baostock,query_history_k_data_plus
002233,SZSE.002233,,SZ,A股-深交所,2025-05-29,7.65,7.67,7.56,7.62,7.65,9356805,71013996.14,-0.3922,0.7853,1,0,none,baostock,query_history_k_data_plus
002233,SZSE.002233,,SZ,A股-深交所,2025-05-30,7.62,7.95,7.61,7.8,7.62,30138772,235173581.61,2.3622,2.5295,1,0,none,baostock,query_history_k_data_plus
002233,SZSE.002233,,SZ,A股-深交所,2025-06-03,7.79,7.82,7.52,7.57,7.8,22304790,169310126.35,-2.9487,1.872,1,0,none,baostock,query_history_k_data_plus
002233,SZSE.002233,,SZ,A股-深交所,2025-06-04,7.54,7.59,7.51,7.57,7.57,8645284,65382975.2,0.0,0.7256,1,0,none,baostock,query_history_k_data_plus
002233,SZSE.002233,,SZ,A股-深交所,2025-06-05,7.58,7.6,7.51,7.55,7.57,7629500,57521354.0,-0.2642,0.6403,1,0,none,baostock,query_history_k_data_plus
002233,SZSE.002233,,SZ,A股-深交所,2025-06-06,7.55,7.6,7.51,7.57,7.55,8146434,61555128.38,0.2649,0.6837,1,0,none,baostock,query_history_k_data_plus
002233,SZSE.002233,,SZ,A股-深交所,2025-06-09,7.59,7.59,7.48,7.54,7.57,6849362,51599252.62,-0.3963,0.5749,1,0,none,baostock,query_history_k_data_plus
002233,SZSE.002233,,SZ,A股-深交所,2025-06-10,7.54,7.57,7.43,7.45,7.54,10737661,80398710.46,-1.1936,0.9012,1,0,none,baostock,query_history_k_data_plus
002233,SZSE.002233,,SZ,A股-深交所,2025-06-11,7.47,7.53,7.45,7.49,7.45,5690901,42674524.49,0.5369,0.4776,1,0,none,baostock,query_history_k_data_plus
002233,SZSE.002233,,SZ,A股-深交所,2025-06-12,7.48,7.54,7.45,7.47,7.49,6510433,48701958.17,-0.267,0.5464,1,0,none,baostock,query_history_k_data_plus
002233,SZSE.002233,,SZ,A股-深交所,2025-06-13,7.47,7.48,7.37,7.38,7.47,7771610,57628770.5,-1.2048,0.6523,1,0,none,baostock,query_history_k_data_plus
002233,SZSE.002233,,SZ,A股-深交所,2025-06-16,7.38,7.4,7.34,7.37,7.38,5647200,41620369.0,-0.1355,0.474,1,0,none,baostock,query_history_k_data_plus
002233,SZSE.002233,,SZ,A股-深交所,2025-06-17,7.4,7.43,7.35,7.4,7.37,6392400,47179464.0,0.4071,0.5365,1,0,none,baostock,query_history_k_data_plus
002233,SZSE.002233,,SZ,A股-深交所,2025-06-18,7.38,7.43,7.31,7.41,7.4,7769101,57340696.41,0.1351,0.6521,1,0,none,baostock,query_history_k_data_plus
002233,SZSE.002233,,SZ,A股-深交所,2025-06-19,7.39,7.45,7.32,7.33,7.41,7705917,56948383.97,-1.0796,0.6467,1,0,none,baostock,query_history_k_data_plus
002233,SZSE.002233,,SZ,A股-深交所,2025-06-20,7.34,7.42,7.33,7.36,7.33,6316925,46627624.8,0.4093,0.5302,1,0,none,baostock,query_history_k_data_plus
002233,SZSE.002233,,SZ,A股-深交所,2025-06-23,7.35,7.38,7.25,7.3,7.36,7956035,57981593.87,-0.8152,0.6677,1,0,none,baostock,query_history_k_data_plus
002233,SZSE.002233,,SZ,A股-深交所,2025-06-24,7.31,7.34,7.28,7.31,7.3,8030660,58746879.97,0.137,0.674,1,0,none,baostock,query_history_k_data_plus
002233,SZSE.002233,,SZ,A股-深交所,2025-06-25,7.33,7.34,7.28,7.33,7.31,6504708,47557795.64,0.2736,0.5459,1,0,none,baostock,query_history_k_data_plus
002233,SZSE.002233,,SZ,A股-深交所,2025-06-26,7.33,7.36,7.31,7.34,7.33,7749379,56845810.07,0.1364,0.6504,1,0,none,baostock,query_history_k_data_plus
002233,SZSE.002233,,SZ,A股-深交所,2025-06-27,7.36,7.43,7.34,7.41,7.34,8341200,61732714.0,0.9537,0.7001,1,0,none,baostock,query_history_k_data_plus
002233,SZSE.002233,,SZ,A股-深交所,2025-06-30,7.39,7.42,7.36,7.4,7.41,5031900,37168365.0,-0.135,0.4223,1,0,none,baostock,query_history_k_data_plus
002233,SZSE.002233,,SZ,A股-深交所,2025-07-01,7.4,7.42,7.37,7.39,7.4,6082701,44968063.6,-0.1351,0.5105,1,0,none,baostock,query_history_k_data_plus
002233,SZSE.002233,,SZ,A股-深交所,2025-07-02,7.4,7.51,7.39,7.51,7.39,10174465,75890688.39,1.6238,0.8539,1,0,none,baostock,query_history_k_data_plus
002233,SZSE.002233,,SZ,A股-深交所,2025-07-03,7.52,7.54,7.45,7.53,7.51,8869100,66557868.0,0.2663,0.7444,1,0,none,baostock,query_history_k_data_plus
002233,SZSE.002233,,SZ,A股-深交所,2025-07-04,7.53,7.59,7.51,7.56,7.53,8799022,66564069.92,0.3984,0.7385,1,0,none,baostock,query_history_k_data_plus
002233,SZSE.002233,,SZ,A股-深交所,2025-07-07,7.59,7.73,7.54,7.7,7.56,11909743,91129064.12,1.8519,0.9996,1,0,none,baostock,query_history_k_data_plus
002233,SZSE.002233,,SZ,A股-深交所,2025-07-08,7.68,7.88,7.67,7.83,7.7,16017026,125053290.66,1.6883,1.3443,1,0,none,baostock,query_history_k_data_plus
002233,SZSE.002233,,SZ,A股-深交所,2025-07-09,8.16,8.44,8.02,8.12,7.83,48998014,402649505.17,3.7037,4.1123,1,0,none,baostock,query_history_k_data_plus
002233,SZSE.002233,,SZ,A股-深交所,2025-07-10,8.12,8.28,8.1,8.19,8.12,23521902,192063734.38,0.8621,1.9742,1,0,none,baostock,query_history_k_data_plus
002233,SZSE.002233,,SZ,A股-深交所,2025-07-11,8.23,8.3,8.05,8.11,8.19,16881131,137004255.79,-0.9768,1.4168,1,0,none,baostock,query_history_k_data_plus
002233,SZSE.002233,,SZ,A股-深交所,2025-07-14,8.08,8.25,8.08,8.19,8.11,15360965,125477240.1,0.9864,1.2892,1,0,none,baostock,query_history_k_data_plus
002233,SZSE.002233,,SZ,A股-深交所,2025-07-15,8.18,8.23,8.02,8.05,8.19,13095017,106014990.85,-1.7094,1.0991,1,0,none,baostock,query_history_k_data_plus
002233,SZSE.002233,,SZ,A股-深交所,2025-07-16,8.07,8.16,7.96,8.03,8.05,10456519,83822891.42,-0.2484,0.8776,1,0,none,baostock,query_history_k_data_plus
002233,SZSE.002233,,SZ,A股-深交所,2025-07-17,8.03,8.05,7.98,8.0,8.03,7464730,59788860.0,-0.3736,0.6265,1,0,none,baostock,query_history_k_data_plus
002233,SZSE.002233,,SZ,A股-深交所,2025-07-18,8.01,8.04,7.97,7.99,8.0,7351129,58753966.71,-0.125,0.617,1,0,none,baostock,query_history_k_data_plus
002233,SZSE.002233,,SZ,A股-深交所,2025-07-21,8.15,8.79,8.08,8.79,7.99,66883025,569455262.5,10.0125,5.6134,1,0,none,baostock,query_history_k_data_plus
002233,SZSE.002233,,SZ,A股-深交所,2025-07-22,8.61,8.74,8.39,8.72,8.79,72410084,615683303.32,-0.7964,6.0773,1,0,none,baostock,query_history_k_data_plus
002233,SZSE.002233,,SZ,A股-深交所,2025-07-23,8.6,8.62,8.32,8.32,8.72,42173529,354984735.62,-4.5872,3.5396,1,0,none,baostock,query_history_k_data_plus
002233,SZSE.002233,,SZ,A股-深交所,2025-07-24,8.32,8.47,8.28,8.45,8.32,31651214,266093905.72,1.5625,2.6565,1,0,none,baostock,query_history_k_data_plus
002233,SZSE.002233,,SZ,A股-深交所,2025-07-25,8.45,8.51,8.32,8.37,8.45,23488526,196825228.29,-0.9467,1.9714,1,0,none,baostock,query_history_k_data_plus
002233,SZSE.002233,,SZ,A股-深交所,2025-07-28,8.4,8.45,8.24,8.25,8.37,19296290,160335374.42,-1.4337,1.6195,1,0,none,baostock,query_history_k_data_plus
002233,SZSE.002233,,SZ,A股-深交所,2025-07-29,8.25,8.34,8.22,8.32,8.25,16749248,138727275.38,0.8485,1.4057,1,0,none,baostock,query_history_k_data_plus
002233,SZSE.002233,,SZ,A股-深交所,2025-07-30,8.31,8.36,8.26,8.34,8.32,10812682,89972765.42,0.2404,0.9075,1,0,none,baostock,query_history_k_data_plus
002233,SZSE.002233,,SZ,A股-深交所,2025-07-31,8.31,8.31,8.06,8.08,8.34,17635244,143562094.9,-3.1175,1.4801,1,0,none,baostock,query_history_k_data_plus
002233,SZSE.002233,,SZ,A股-深交所,2025-08-01,8.06,8.33,8.06,8.19,8.08,18074443,148570635.9,1.3614,1.517,1,0,none,baostock,query_history_k_data_plus
002233,SZSE.002233,,SZ,A股-深交所,2025-08-04,8.19,8.28,8.13,8.22,8.19,9530628,78114497.82,0.3663,0.7999,1,0,none,baostock,query_history_k_data_plus
002233,SZSE.002233,,SZ,A股-深交所,2025-08-05,8.22,8.29,8.19,8.27,8.22,11409147,94154498.84,0.6083,0.9576,1,0,none,baostock,query_history_k_data_plus
002233,SZSE.002233,,SZ,A股-深交所,2025-08-06,8.25,8.29,8.21,8.25,8.27,16075590,132699335.66,-0.2418,1.3492,1,0,none,baostock,query_history_k_data_plus
002233,SZSE.002233,,SZ,A股-深交所,2025-08-07,8.42,8.47,8.26,8.38,8.25,34495765,288736521.12,1.5758,2.8952,1,0,none,baostock,query_history_k_data_plus
002233,SZSE.002233,,SZ,A股-深交所,2025-08-08,8.38,8.55,8.35,8.5,8.38,25946857,219795887.24,1.432,2.1777,1,0,none,baostock,query_history_k_data_plus
002233,SZSE.002233,,SZ,A股-深交所,2025-08-11,8.56,8.61,8.47,8.49,8.5,19200090,163478828.88,-0.1176,1.6114,1,0,none,baostock,query_history_k_data_plus
002233,SZSE.002233,,SZ,A股-深交所,2025-08-12,8.5,8.59,8.45,8.55,8.49,15086284,128803067.36,0.7067,1.2662,1,0,none,baostock,query_history_k_data_plus
002233,SZSE.002233,,SZ,A股-深交所,2025-08-13,8.57,8.73,8.55,8.68,8.55,19047737,165059366.69,1.5205,1.5987,1,0,none,baostock,query_history_k_data_plus
002233,SZSE.002233,,SZ,A股-深交所,2025-08-14,8.71,8.75,8.53,8.57,8.68,18338871,158537598.12,-1.2673,1.5392,1,0,none,baostock,query_history_k_data_plus
002233,SZSE.002233,,SZ,A股-深交所,2025-08-15,8.58,8.71,8.54,8.69,8.57,14642182,126619547.44,1.4002,1.2289,1,0,none,baostock,query_history_k_data_plus
002233,SZSE.002233,,SZ,A股-深交所,2025-08-18,8.7,8.73,8.57,8.61,8.69,22000945,189823107.33,-0.9206,1.8465,1,0,none,baostock,query_history_k_data_plus
002233,SZSE.002233,,SZ,A股-深交所,2025-08-19,8.6,8.66,8.58,8.64,8.61,12597380,108671742.56,0.3484,1.0573,1,0,none,baostock,query_history_k_data_plus
002233,SZSE.002233,,SZ,A股-深交所,2025-08-20,8.65,8.78,8.58,8.78,8.64,16186324,140899485.46,1.6204,1.3585,1,0,none,baostock,query_history_k_data_plus
002233,SZSE.002233,,SZ,A股-深交所,2025-08-21,8.78,8.99,8.76,8.93,8.78,17189214,153072390.72,1.7084,1.4427,1,0,none,baostock,query_history_k_data_plus
002233,SZSE.002233,,SZ,A股-深交所,2025-08-22,8.92,8.94,8.78,8.89,8.93,17464300,154666357.0,-0.4479,1.4658,1,0,none,baostock,query_history_k_data_plus
002233,SZSE.002233,,SZ,A股-深交所,2025-08-25,8.92,8.97,8.82,8.87,8.89,14489878,128471642.4,-0.225,1.2161,1,0,none,baostock,query_history_k_data_plus
002233,SZSE.002233,,SZ,A股-深交所,2025-08-26,8.85,9.04,8.76,8.98,8.87,16257676,145284254.2,1.2401,1.3645,1,0,none,baostock,query_history_k_data_plus
002233,SZSE.002233,,SZ,A股-深交所,2025-08-27,8.91,9.01,8.78,8.8,8.98,13613280,121007701.87,-2.0045,1.1425,1,0,none,baostock,query_history_k_data_plus
002233,SZSE.002233,,SZ,A股-深交所,2025-08-28,8.76,8.86,8.64,8.8,8.8,13514254,118393715.82,0.0,1.1342,1,0,none,baostock,query_history_k_data_plus
002233,SZSE.002233,,SZ,A股-深交所,2025-08-29,8.83,8.97,8.79,8.93,8.8,14693946,130737877.7,1.4773,1.2332,1,0,none,baostock,query_history_k_data_plus
002233,SZSE.002233,,SZ,A股-深交所,2025-09-01,8.98,9.18,8.8,9.17,8.93,26405760,237805850.47,2.6876,2.2162,1,0,none,baostock,query_history_k_data_plus
002233,SZSE.002233,,SZ,A股-深交所,2025-09-02,9.1,9.16,8.89,8.96,9.17,19219340,172108021.1,-2.2901,1.6131,1,0,none,baostock,query_history_k_data_plus
002233,SZSE.002233,,SZ,A股-深交所,2025-09-03,8.97,9.03,8.82,8.88,8.96,10434678,93037831.49,-0.8929,0.8758,1,0,none,baostock,query_history_k_data_plus
002233,SZSE.002233,,SZ,A股-深交所,2025-09-04,8.93,9.13,8.77,9.08,8.88,17328061,155491605.78,2.2523,1.4543,1,0,none,baostock,query_history_k_data_plus
002233,SZSE.002233,,SZ,A股-深交所,2025-09-05,9.08,9.09,8.91,9.0,9.08,15220523,136542920.41,-0.8811,1.2774,1,0,none,baostock,query_history_k_data_plus
002233,SZSE.002233,,SZ,A股-深交所,2025-09-08,9.0,9.04,8.95,9.02,9.0,12326239,110776543.64,0.2222,1.0345,1,0,none,baostock,query_history_k_data_plus
002233,SZSE.002233,,SZ,A股-深交所,2025-09-09,9.0,9.2,8.97,9.14,9.02,19762448,179837767.06,1.3304,1.6586,1,0,none,baostock,query_history_k_data_plus
002233,SZSE.002233,,SZ,A股-深交所,2025-09-10,9.06,9.14,8.98,9.0,9.14,10950761,99004249.53,-1.5317,0.9191,1,0,none,baostock,query_history_k_data_plus
002233,SZSE.002233,,SZ,A股-深交所,2025-09-11,9.0,9.11,8.96,9.11,9.0,11779898,106385535.64,1.2222,0.9887,1,0,none,baostock,query_history_k_data_plus
002233,SZSE.002233,,SZ,A股-深交所,2025-09-12,9.1,9.21,9.06,9.12,9.11,14813402,135474082.41,0.1098,1.2433,1,0,none,baostock,query_history_k_data_plus
002233,SZSE.002233,,SZ,A股-深交所,2025-09-15,9.14,9.14,8.85,8.96,9.12,13900740,124245541.49,-1.7544,1.1667,1,0,none,baostock,query_history_k_data_plus
002233,SZSE.002233,,SZ,A股-深交所,2025-09-16,8.96,8.98,8.84,8.87,8.96,8568222,76348800.7,-1.0045,0.7191,1,0,none,baostock,query_history_k_data_plus
002233,SZSE.002233,,SZ,A股-深交所,2025-09-17,8.84,8.9,8.79,8.85,8.87,7282898,64397223.34,-0.2255,0.6112,1,0,none,baostock,query_history_k_data_plus
002233,SZSE.002233,,SZ,A股-深交所,2025-09-18,8.82,8.85,8.64,8.67,8.85,13287885,116152261.95,-2.0339,1.1152,1,0,none,baostock,query_history_k_data_plus
002233,SZSE.002233,,SZ,A股-深交所,2025-09-19,8.68,8.9,8.64,8.87,8.67,9685304,85374709.88,2.3068,0.8129,1,0,none,baostock,query_history_k_data_plus
002233,SZSE.002233,,SZ,A股-深交所,2025-09-22,9.08,9.08,8.81,8.87,8.87,7051301,62510509.62,0.0,0.5918,1,0,none,baostock,query_history_k_data_plus
002233,SZSE.002233,,SZ,A股-深交所,2025-09-23,8.86,8.94,8.75,8.94,8.87,9376655,83076184.59,0.7892,0.787,1,0,none,baostock,query_history_k_data_plus
002233,SZSE.002233,,SZ,A股-深交所,2025-09-24,8.86,9.02,8.86,9.0,8.94,6050522,54155418.41,0.6711,0.5078,1,0,none,baostock,query_history_k_data_plus
002233,SZSE.002233,,SZ,A股-深交所,2025-09-25,9.05,9.11,8.85,8.97,9.0,7383920,66324824.6,-0.3333,0.6197,1,0,none,baostock,query_history_k_data_plus
002233,SZSE.002233,,SZ,A股-深交所,2025-09-26,8.94,9.01,8.86,8.97,8.97,5244100,46948481.0,0.0,0.4401,1,0,none,baostock,query_history_k_data_plus
002233,SZSE.002233,,SZ,A股-深交所,2025-09-29,8.9,9.0,8.7,8.98,8.97,10716200,95084313.0,0.1115,0.8994,1,0,none,baostock,query_history_k_data_plus
002233,SZSE.002233,,SZ,A股-深交所,2025-09-30,8.97,8.99,8.73,8.76,8.98,11660424,102698367.15,-2.4499,0.9786,1,0,none,baostock,query_history_k_data_plus
002233,SZSE.002233,,SZ,A股-深交所,2025-10-09,8.78,9.02,8.78,8.99,8.76,17757959,158500585.61,2.6256,1.4904,1,0,none,baostock,query_history_k_data_plus
002233,SZSE.002233,,SZ,A股-深交所,2025-10-10,9.04,9.16,8.92,9.15,8.99,12011371,109277049.52,1.7798,1.0081,1,0,none,baostock,query_history_k_data_plus
002233,SZSE.002233,,SZ,A股-深交所,2025-10-13,8.92,9.1,8.85,9.07,9.15,11433472,102739889.93,-0.8743,0.9596,1,0,none,baostock,query_history_k_data_plus
002233,SZSE.002233,,SZ,A股-深交所,2025-10-14,9.09,9.24,9.0,9.14,9.07,11410500,104565617.0,0.7718,0.9577,1,0,none,baostock,query_history_k_data_plus
002233,SZSE.002233,,SZ,A股-深交所,2025-10-15,9.17,9.47,9.07,9.35,9.14,16380576,153390224.95,2.2976,1.3748,1,0,none,baostock,query_history_k_data_plus
002233,SZSE.002233,,SZ,A股-深交所,2025-10-16,9.45,9.45,9.03,9.1,9.35,15314820,140755890.8,-2.6738,1.2854,1,0,none,baostock,query_history_k_data_plus
002233,SZSE.002233,,SZ,A股-深交所,2025-10-17,9.06,9.17,9.02,9.08,9.1,10737064,97594322.21,-0.2198,0.9011,1,0,none,baostock,query_history_k_data_plus
002233,SZSE.002233,,SZ,A股-深交所,2025-10-20,9.08,9.14,8.89,8.95,9.08,13609999,121941134.71,-1.4317,1.1423,1,0,none,baostock,query_history_k_data_plus
002233,SZSE.002233,,SZ,A股-深交所,2025-10-21,8.98,9.07,8.9,8.95,8.95,14890698,133923308.84,0.0,1.2498,1,0,none,baostock,query_history_k_data_plus
002233,SZSE.002233,,SZ,A股-深交所,2025-10-22,8.96,9.08,8.96,8.99,8.95,7079700,63892411.0,0.4469,0.5942,1,0,none,baostock,query_history_k_data_plus
002233,SZSE.002233,,SZ,A股-深交所,2025-10-23,8.98,9.05,8.93,9.03,8.99,9691201,87151089.99,0.4449,0.8134,1,0,none,baostock,query_history_k_data_plus
002233,SZSE.002233,,SZ,A股-深交所,2025-10-24,9.03,9.07,8.86,8.92,9.03,9854351,88027561.7,-1.2182,0.8271,1,0,none,baostock,query_history_k_data_plus
002233,SZSE.002233,,SZ,A股-深交所,2025-10-27,8.93,9.06,8.9,9.02,8.92,9739601,87552358.03,1.1211,0.8174,1,0,none,baostock,query_history_k_data_plus
002233,SZSE.002233,,SZ,A股-深交所,2025-10-28,8.5,8.53,8.31,8.33,9.02,38177123,320774912.66,-7.6497,3.2042,1,0,none,baostock,query_history_k_data_plus
002233,SZSE.002233,,SZ,A股-深交所,2025-10-29,8.35,8.39,8.22,8.37,8.33,18389901,152733914.36,0.4802,1.5434,1,0,none,baostock,query_history_k_data_plus
002233,SZSE.002233,,SZ,A股-深交所,2025-10-30,8.4,8.61,8.36,8.47,8.37,28227223,240193339.19,1.1947,2.3691,1,0,none,baostock,query_history_k_data_plus
002233,SZSE.002233,,SZ,A股-深交所,2025-10-31,8.47,8.55,8.4,8.47,8.47,14636590,124056305.32,0.0,1.2284,1,0,none,baostock,query_history_k_data_plus
002233,SZSE.002233,,SZ,A股-深交所,2025-11-03,8.53,8.61,8.41,8.48,8.47,16417331,139288425.35,0.1181,1.3779,1,0,none,baostock,query_history_k_data_plus
002233,SZSE.002233,,SZ,A股-深交所,2025-11-04,8.48,8.67,8.44,8.6,8.48,23191549,199040075.35,1.4151,1.9464,1,0,none,baostock,query_history_k_data_plus
002233,SZSE.002233,,SZ,A股-深交所,2025-11-05,8.56,8.71,8.56,8.6,8.6,14449811,124814469.19,0.0,1.2128,1,0,none,baostock,query_history_k_data_plus
002233,SZSE.002233,,SZ,A股-深交所,2025-11-06,8.61,8.64,8.54,8.58,8.6,10827298,92932747.44,-0.2326,0.9087,1,0,none,baostock,query_history_k_data_plus
002233,SZSE.002233,,SZ,A股-深交所,2025-11-07,8.59,8.68,8.57,8.65,8.58,13047801,112764588.61,0.8159,1.0951,1,0,none,baostock,query_history_k_data_plus
002233,SZSE.002233,,SZ,A股-深交所,2025-11-10,8.65,8.7,8.6,8.66,8.65,10285271,88913834.08,0.1156,0.8632,1,0,none,baostock,query_history_k_data_plus
002233,SZSE.002233,,SZ,A股-深交所,2025-11-11,8.68,8.8,8.63,8.75,8.66,11227729,98115370.93,1.0393,0.9423,1,0,none,baostock,query_history_k_data_plus
002233,SZSE.002233,,SZ,A股-深交所,2025-11-12,8.79,8.93,8.75,8.81,8.75,13438742,118922931.23,0.6857,1.1279,1,0,none,baostock,query_history_k_data_plus
002233,SZSE.002233,,SZ,A股-深交所,2025-11-13,8.78,8.94,8.77,8.9,8.81,9499242,84206321.02,1.0216,0.7973,1,0,none,baostock,query_history_k_data_plus
002233,SZSE.002233,,SZ,A股-深交所,2025-11-14,8.9,8.99,8.8,8.81,8.9,9305660,82877239.8,-1.0112,0.781,1,0,none,baostock,query_history_k_data_plus
002233,SZSE.002233,,SZ,A股-深交所,2025-11-17,8.8,8.81,8.58,8.62,8.81,11415200,98767734.0,-2.1566,0.9581,1,0,none,baostock,query_history_k_data_plus
002233,SZSE.002233,,SZ,A股-深交所,2025-11-18,8.61,8.64,8.5,8.56,8.62,7973191,68354254.76,-0.6961,0.6692,1,0,none,baostock,query_history_k_data_plus
002233,SZSE.002233,,SZ,A股-深交所,2025-11-19,8.54,8.62,8.47,8.52,8.56,6795355,57901528.35,-0.4673,0.5703,1,0,none,baostock,query_history_k_data_plus
002233,SZSE.002233,,SZ,A股-深交所,2025-11-20,8.52,8.71,8.51,8.64,8.52,8496020,73168096.4,1.4085,0.7131,1,0,none,baostock,query_history_k_data_plus
002233,SZSE.002233,,SZ,A股-深交所,2025-11-21,8.64,8.64,8.38,8.41,8.64,10084300,85658798.0,-2.662,0.8464,1,0,none,baostock,query_history_k_data_plus
002233,SZSE.002233,,SZ,A股-深交所,2025-11-24,8.4,8.48,8.31,8.31,8.41,8876858,74392518.64,-1.1891,0.745,1,0,none,baostock,query_history_k_data_plus
002233,SZSE.002233,,SZ,A股-深交所,2025-11-25,8.33,8.4,8.29,8.34,8.31,7641777,63755319.31,0.361,0.6414,1,0,none,baostock,query_history_k_data_plus
002233,SZSE.002233,,SZ,A股-深交所,2025-11-26,8.35,8.57,8.33,8.44,8.34,8227173,69788869.67,1.199,0.6905,1,0,none,baostock,query_history_k_data_plus
002233,SZSE.002233,,SZ,A股-深交所,2025-11-27,8.45,8.58,8.4,8.48,8.44,6017952,51181080.26,0.4739,0.5051,1,0,none,baostock,query_history_k_data_plus
002233,SZSE.002233,,SZ,A股-深交所,2025-11-28,8.48,8.58,8.46,8.57,8.48,6498300,55407911.0,1.0613,0.5454,1,0,none,baostock,query_history_k_data_plus
002233,SZSE.002233,,SZ,A股-深交所,2025-12-01,8.92,9.43,8.8,9.05,8.57,64189888,593422531.69,5.6009,5.3874,1,0,none,baostock,query_history_k_data_plus
002233,SZSE.002233,,SZ,A股-深交所,2025-12-02,9.19,9.28,9.05,9.19,9.05,48122828,441939914.92,1.547,4.0389,1,0,none,baostock,query_history_k_data_plus
002233,SZSE.002233,,SZ,A股-深交所,2025-12-03,9.28,9.31,9.14,9.29,9.19,21361800,197651925.17,1.0881,1.7929,1,0,none,baostock,query_history_k_data_plus
002233,SZSE.002233,,SZ,A股-深交所,2025-12-04,9.23,9.37,9.18,9.29,9.29,18918336,175453348.4,0.0,1.5878,1,0,none,baostock,query_history_k_data_plus
002233,SZSE.002233,,SZ,A股-深交所,2025-12-05,9.29,9.4,9.21,9.35,9.29,16116604,149827676.17,0.6459,1.3526,1,0,none,baostock,query_history_k_data_plus
002233,SZSE.002233,,SZ,A股-深交所,2025-12-08,9.29,9.38,9.2,9.34,9.35,16904433,157351259.73,-0.107,1.4188,1,0,none,baostock,query_history_k_data_plus
002233,SZSE.002233,,SZ,A股-深交所,2025-12-09,9.34,9.52,9.29,9.33,9.34,22288120,210246775.7,-0.1071,1.8706,1,0,none,baostock,query_history_k_data_plus
002233,SZSE.002233,,SZ,A股-深交所,2025-12-10,9.33,9.66,9.33,9.59,9.33,39198857,373926829.65,2.7867,3.2899,1,0,none,baostock,query_history_k_data_plus
002233,SZSE.002233,,SZ,A股-深交所,2025-12-11,9.63,9.81,9.53,9.69,9.59,45468207,440302556.5,1.0428,3.8161,1,0,none,baostock,query_history_k_data_plus
002233,SZSE.002233,,SZ,A股-深交所,2025-12-12,9.69,9.72,9.34,9.56,9.69,67925879,648651092.38,-1.3416,5.701,1,0,none,baostock,query_history_k_data_plus
002233,SZSE.002233,,SZ,A股-深交所,2025-12-15,9.42,9.59,9.23,9.52,9.56,29231696,275934141.28,-0.4184,2.4534,1,0,none,baostock,query_history_k_data_plus
002233,SZSE.002233,,SZ,A股-深交所,2025-12-16,9.48,9.6,9.4,9.45,9.52,15807845,150013267.2,-0.7353,1.3267,1,0,none,baostock,query_history_k_data_plus
002233,SZSE.002233,,SZ,A股-深交所,2025-12-17,9.43,9.51,9.37,9.46,9.45,14456569,136745460.54,0.1058,1.2133,1,0,none,baostock,query_history_k_data_plus
002233,SZSE.002233,,SZ,A股-深交所,2025-12-18,9.38,9.45,9.28,9.3,9.46,10064300,94226672.4,-1.6913,0.8447,1,0,none,baostock,query_history_k_data_plus
002233,SZSE.002233,,SZ,A股-深交所,2025-12-19,9.33,9.34,9.2,9.23,9.3,8940300,82697107.0,-0.7527,0.7504,1,0,none,baostock,query_history_k_data_plus
002233,SZSE.002233,,SZ,A股-深交所,2025-12-22,9.23,9.27,9.11,9.11,9.23,9650458,88611113.28,-1.3001,0.81,1,0,none,baostock,query_history_k_data_plus
002233,SZSE.002233,,SZ,A股-深交所,2025-12-23,9.12,9.18,9.06,9.07,9.11,9527000,86724342.0,-0.4391,0.7996,1,0,none,baostock,query_history_k_data_plus
002233,SZSE.002233,,SZ,A股-深交所,2025-12-24,9.1,9.17,9.04,9.14,9.07,9585600,87426930.0,0.7718,0.8045,1,0,none,baostock,query_history_k_data_plus
002233,SZSE.002233,,SZ,A股-深交所,2025-12-25,9.13,9.24,9.07,9.17,9.14,7629578,69954741.8,0.3282,0.6403,1,0,none,baostock,query_history_k_data_plus
002233,SZSE.002233,,SZ,A股-深交所,2025-12-26,9.19,9.24,9.06,9.12,9.17,10813498,98828133.8,-0.5453,0.9076,1,0,none,baostock,query_history_k_data_plus
002233,SZSE.002233,,SZ,A股-深交所,2025-12-29,9.08,9.12,8.91,8.92,9.12,13655846,122928845.86,-2.193,1.1461,1,0,none,baostock,query_history_k_data_plus
002233,SZSE.002233,,SZ,A股-深交所,2025-12-30,8.92,9.17,8.88,9.05,8.92,13536781,122632480.12,1.4574,1.1361,1,0,none,baostock,query_history_k_data_plus
002233,SZSE.002233,,SZ,A股-深交所,2025-12-31,9.08,9.23,8.99,9.01,9.05,14598851,132798522.55,-0.442,1.2253,1,0,none,baostock,query_history_k_data_plus
002233,SZSE.002233,,SZ,A股-深交所,2026-01-05,9.06,9.15,8.86,9.06,9.01,16557521,149117631.24,0.5549,1.3897,1,0,none,baostock,query_history_k_data_plus
002233,SZSE.002233,,SZ,A股-深交所,2026-01-06,9.05,9.08,8.96,9.0,9.06,12101119,109162527.3,-0.6623,1.0156,1,0,none,baostock,query_history_k_data_plus
002233,SZSE.002233,,SZ,A股-深交所,2026-01-07,9.0,9.04,8.94,8.96,9.0,9895386,88945730.28,-0.4444,0.8305,1,0,none,baostock,query_history_k_data_plus
002233,SZSE.002233,,SZ,A股-深交所,2026-01-08,8.95,9.0,8.88,8.96,8.96,7496841,67093802.2,0.0,0.6292,1,0,none,baostock,query_history_k_data_plus
002233,SZSE.002233,,SZ,A股-深交所,2026-01-09,8.98,9.09,8.94,9.03,8.96,10997291,99101257.13,0.7813,0.923,1,0,none,baostock,query_history_k_data_plus
002233,SZSE.002233,,SZ,A股-深交所,2026-01-12,8.92,9.05,8.86,9.02,9.03,12980103,116456235.87,-0.1107,1.0894,1,0,none,baostock,query_history_k_data_plus
002233,SZSE.002233,,SZ,A股-深交所,2026-01-13,9.03,9.07,8.96,9.0,9.02,13083576,117966709.35,-0.2217,1.0981,1,0,none,baostock,query_history_k_data_plus
002233,SZSE.002233,,SZ,A股-深交所,2026-01-14,9.03,9.03,8.85,8.89,9.0,15500686,138715297.7,-1.2222,1.301,1,0,none,baostock,query_history_k_data_plus
002233,SZSE.002233,,SZ,A股-深交所,2026-01-15,8.92,9.0,8.89,8.98,8.89,10495600,94049520.0,1.0124,0.8809,1,0,none,baostock,query_history_k_data_plus
002233,SZSE.002233,,SZ,A股-深交所,2026-01-16,9.0,9.1,8.94,8.98,8.98,9650872,87020213.58,0.0,0.81,1,0,none,baostock,query_history_k_data_plus
002233,SZSE.002233,,SZ,A股-深交所,2026-01-19,8.94,9.17,8.93,9.14,8.98,12411936,112641551.42,1.7817,1.0417,1,0,none,baostock,query_history_k_data_plus
002233,SZSE.002233,,SZ,A股-深交所,2026-01-20,9.18,9.55,9.15,9.54,9.14,18431917,172386238.45,4.3764,1.547,1,0,none,baostock,query_history_k_data_plus
002233,SZSE.002233,,SZ,A股-深交所,2026-01-21,9.48,9.49,9.34,9.44,9.54,13696505,128761610.85,-1.0482,1.1495,1,0,none,baostock,query_history_k_data_plus
002233,SZSE.002233,,SZ,A股-深交所,2026-01-22,9.45,9.66,9.4,9.61,9.44,15588561,148942878.18,1.8008,1.3083,1,0,none,baostock,query_history_k_data_plus
002233,SZSE.002233,,SZ,A股-深交所,2026-01-23,9.6,9.71,9.49,9.63,9.61,12538014,120368797.12,0.2081,1.0523,1,0,none,baostock,query_history_k_data_plus
002233,SZSE.002233,,SZ,A股-深交所,2026-01-26,9.63,9.76,9.59,9.71,9.63,13632098,131953740.42,0.8307,1.1441,1,0,none,baostock,query_history_k_data_plus
002233,SZSE.002233,,SZ,A股-深交所,2026-01-27,9.62,9.74,9.53,9.56,9.71,9628966,92625395.75,-1.5448,0.8082,1,0,none,baostock,query_history_k_data_plus
002233,SZSE.002233,,SZ,A股-深交所,2026-01-28,9.55,9.7,9.45,9.53,9.56,13970300,133803936.0,-0.3138,1.1725,1,0,none,baostock,query_history_k_data_plus
002233,SZSE.002233,,SZ,A股-深交所,2026-01-29,9.57,9.98,9.49,9.95,9.53,21545025,211242952.57,4.4071,1.8083,1,0,none,baostock,query_history_k_data_plus
002233,SZSE.002233,,SZ,A股-深交所,2026-01-30,9.89,10.03,9.8,9.82,9.95,14080395,139469388.56,-1.3065,1.1818,1,0,none,baostock,query_history_k_data_plus
002233,SZSE.002233,,SZ,A股-深交所,2026-02-02,9.78,9.87,9.55,9.58,9.82,13480196,130893296.92,-2.444,1.1314,1,0,none,baostock,query_history_k_data_plus
002233,SZSE.002233,,SZ,A股-深交所,2026-02-03,9.67,9.93,9.58,9.89,9.58,13029059,127737156.86,3.2359,1.0935,1,0,none,baostock,query_history_k_data_plus
002233,SZSE.002233,,SZ,A股-深交所,2026-02-04,9.87,10.08,9.83,10.07,9.89,11278002,112409000.96,1.82,0.9466,1,0,none,baostock,query_history_k_data_plus
002233,SZSE.002233,,SZ,A股-深交所,2026-02-05,10.07,10.1,9.88,10.02,10.07,10567020,105643871.2,-0.4965,0.8869,1,0,none,baostock,query_history_k_data_plus
002233,SZSE.002233,,SZ,A股-深交所,2026-02-06,9.99,10.17,9.83,9.84,10.02,11249214,112487334.3,-1.7964,0.9441,1,0,none,baostock,query_history_k_data_plus
002233,SZSE.002233,,SZ,A股-深交所,2026-02-09,9.92,10.0,9.84,9.92,9.84,8744498,86588158.5,0.813,0.7339,1,0,none,baostock,query_history_k_data_plus
002233,SZSE.002233,,SZ,A股-深交所,2026-02-10,9.96,9.99,9.82,9.95,9.92,5921601,58789712.85,0.3024,0.497,1,0,none,baostock,query_history_k_data_plus
002233,SZSE.002233,,SZ,A股-深交所,2026-02-11,9.95,10.09,9.89,10.01,9.95,8542014,85546544.84,0.603,0.7169,1,0,none,baostock,query_history_k_data_plus
002233,SZSE.002233,,SZ,A股-深交所,2026-02-12,10.02,10.08,9.92,9.94,10.01,7171005,71631918.65,-0.6993,0.6019,1,0,none,baostock,query_history_k_data_plus
002233,SZSE.002233,,SZ,A股-深交所,2026-02-13,9.94,9.98,9.83,9.84,9.94,7860802,77908537.52,-1.006,0.6598,1,0,none,baostock,query_history_k_data_plus
002233,SZSE.002233,,SZ,A股-深交所,2026-02-24,9.95,10.02,9.87,9.94,9.84,7271345,72363611.55,1.0163,0.6103,1,0,none,baostock,query_history_k_data_plus
002233,SZSE.002233,,SZ,A股-深交所,2026-02-25,9.98,10.33,9.97,10.09,9.94,17436931,177404834.96,1.5091,1.4635,1,0,none,baostock,query_history_k_data_plus
002233,SZSE.002233,,SZ,A股-深交所,2026-02-26,10.19,10.2,9.73,9.75,10.09,13982700,138239825.38,-3.3697,1.1736,1,0,none,baostock,query_history_k_data_plus
002233,SZSE.002233,,SZ,A股-深交所,2026-02-27,9.82,9.82,9.61,9.65,9.75,9929450,96159159.98,-1.0256,0.8334,1,0,none,baostock,query_history_k_data_plus
002233,SZSE.002233,,SZ,A股-深交所,2026-03-02,9.5,9.71,9.38,9.66,9.65,14143561,134983357.97,0.1036,1.2055,1,0,none,baostock,query_history_k_data_plus
002233,SZSE.002233,,SZ,A股-深交所,2026-03-03,9.66,9.75,9.54,9.62,9.66,11358600,109392190.0,-0.4141,0.9681,1,0,none,baostock,query_history_k_data_plus
002233,SZSE.002233,,SZ,A股-深交所,2026-03-04,9.55,9.68,9.42,9.45,9.62,11191913,106780171.41,-1.7672,0.9539,1,0,none,baostock,query_history_k_data_plus
002233,SZSE.002233,,SZ,A股-深交所,2026-03-05,9.55,9.57,9.42,9.47,9.45,7977898,75716392.83,0.2116,0.68,1,0,none,baostock,query_history_k_data_plus
002233,SZSE.002233,,SZ,A股-深交所,2026-03-06,9.47,9.64,9.45,9.6,9.47,6321779,60519672.61,1.3728,0.5388,1,0,none,baostock,query_history_k_data_plus
002233,SZSE.002233,,SZ,A股-深交所,2026-03-09,9.54,9.58,9.24,9.31,9.6,14112300,132009535.99,-3.0208,1.2028,1,0,none,baostock,query_history_k_data_plus
002233,SZSE.002233,,SZ,A股-深交所,2026-03-10,9.36,9.44,9.28,9.4,9.31,7666160,71755876.55,0.9667,0.6534,1,0,none,baostock,query_history_k_data_plus
002233,SZSE.002233,,SZ,A股-深交所,2026-03-11,9.41,9.76,9.38,9.7,9.4,10346431,99067739.36,3.1915,0.8818,1,0,none,baostock,query_history_k_data_plus
002233,SZSE.002233,,SZ,A股-深交所,2026-03-12,9.65,9.73,9.55,9.6,9.7,10030307,96356876.13,-1.0309,0.8549,1,0,none,baostock,query_history_k_data_plus
002233,SZSE.002233,,SZ,A股-深交所,2026-03-13,9.59,9.79,9.59,9.64,9.6,8600902,83120488.3,0.4167,0.7331,1,0,none,baostock,query_history_k_data_plus
002233,SZSE.002233,,SZ,A股-深交所,2026-03-16,9.64,9.69,9.45,9.54,9.64,11410616,109031286.4,-1.0373,0.9725,1,0,none,baostock,query_history_k_data_plus
002233,SZSE.002233,,SZ,A股-深交所,2026-03-17,9.52,9.71,9.45,9.45,9.54,8781400,83979695.0,-0.9434,0.7485,1,0,none,baostock,query_history_k_data_plus
002233,SZSE.002233,,SZ,A股-深交所,2026-03-18,9.49,9.52,9.37,9.47,9.45,7997756,75490270.38,0.2116,0.6817,1,0,none,baostock,query_history_k_data_plus
002233,SZSE.002233,,SZ,A股-深交所,2026-03-19,9.48,9.59,9.41,9.47,9.47,13335263,126456174.99,0.0,1.1366,1,0,none,baostock,query_history_k_data_plus
002233,SZSE.002233,,SZ,A股-深交所,2026-03-20,9.55,9.57,9.31,9.31,9.47,12570646,118796872.83,-1.6895,1.0714,1,0,none,baostock,query_history_k_data_plus
002233,SZSE.002233,,SZ,A股-深交所,2026-03-23,9.17,9.23,8.78,8.81,9.31,15886605,142740447.2,-5.3706,1.354,1,0,none,baostock,query_history_k_data_plus
002233,SZSE.002233,,SZ,A股-深交所,2026-03-24,8.96,9.3,8.86,9.25,8.81,15926019,145181853.0,4.9943,1.3574,1,0,none,baostock,query_history_k_data_plus
002233,SZSE.002233,,SZ,A股-深交所,2026-03-25,9.5,9.52,9.12,9.25,9.25,10867448,100779429.28,0.0,0.9263,1,0,none,baostock,query_history_k_data_plus
002233,SZSE.002233,,SZ,A股-深交所,2026-03-26,9.25,9.34,9.19,9.23,9.25,7911823,73301303.5,-0.2162,0.6743,1,0,none,baostock,query_history_k_data_plus
002233,SZSE.002233,,SZ,A股-深交所,2026-03-27,9.19,9.32,9.15,9.27,9.23,8028678,74196310.21,0.4334,0.6843,1,0,none,baostock,query_history_k_data_plus
002233,SZSE.002233,,SZ,A股-深交所,2026-03-30,9.21,9.52,9.2,9.42,9.27,12325709,115876729.38,1.6181,1.0505,1,0,none,baostock,query_history_k_data_plus
002233,SZSE.002233,,SZ,A股-深交所,2026-03-31,9.41,9.52,9.35,9.37,9.42,9566801,90293429.39,-0.5308,0.8154,1,0,none,baostock,query_history_k_data_plus
002233,SZSE.002233,,SZ,A股-深交所,2026-04-01,9.46,9.52,9.34,9.4,9.37,7581784,71287454.5,0.3202,0.6462,1,0,none,baostock,query_history_k_data_plus
002233,SZSE.002233,,SZ,A股-深交所,2026-04-02,9.4,9.44,9.31,9.36,9.4,5291480,49615461.16,-0.4255,0.451,1,0,none,baostock,query_history_k_data_plus
002233,SZSE.002233,,SZ,A股-深交所,2026-04-03,9.37,9.43,9.09,9.12,9.36,7663501,70278621.1,-2.5641,0.6532,1,0,none,baostock,query_history_k_data_plus
002233,SZSE.002233,,SZ,A股-深交所,2026-04-07,9.13,9.33,9.1,9.19,9.12,9240492,85074961.76,0.7675,0.7876,1,0,none,baostock,query_history_k_data_plus
002233,SZSE.002233,,SZ,A股-深交所,2026-04-08,9.3,9.42,9.25,9.42,9.19,8848131,82632558.26,2.5027,0.7541,1,0,none,baostock,query_history_k_data_plus
002233,SZSE.002233,,SZ,A股-深交所,2026-04-09,9.37,9.56,9.36,9.44,9.42,8018714,75710614.38,0.2123,0.6834,1,0,none,baostock,query_history_k_data_plus
002233,SZSE.002233,,SZ,A股-深交所,2026-04-10,9.43,9.5,9.36,9.39,9.44,5392183,50816000.08,-0.5297,0.4596,1,0,none,baostock,query_history_k_data_plus
002233,SZSE.002233,,SZ,A股-深交所,2026-04-13,9.39,9.45,9.33,9.41,9.39,6322970,59449722.47,0.213,0.5389,1,0,none,baostock,query_history_k_data_plus
002233,SZSE.002233,,SZ,A股-深交所,2026-04-14,9.47,9.47,9.23,9.3,9.41,7535398,70279895.37,-1.169,0.6423,1,0,none,baostock,query_history_k_data_plus
002233,SZSE.002233,,SZ,A股-深交所,2026-04-15,9.32,9.34,9.18,9.2,9.3,6145972,56830322.04,-1.0753,0.5238,1,0,none,baostock,query_history_k_data_plus
002233,SZSE.002233,,SZ,A股-深交所,2026-04-16,9.19,9.31,9.18,9.27,9.2,6551926,60678460.91,0.7609,0.5584,1,0,none,baostock,query_history_k_data_plus
002233,SZSE.002233,,SZ,A股-深交所,2026-04-17,9.25,9.25,9.05,9.09,9.27,8482101,77428564.8,-1.9417,0.7229,1,0,none,baostock,query_history_k_data_plus
