code,symbol,name,market,asset_type,date,open,high,low,close,preclose,volume,amount,pct_chg,turnover,trade_status,is_st,adjust,provider,source_function
603286,SHSE.603286,,SH,A股-上交所,2021-09-03,17.2,18.12,16.9,17.47,17.24,2744100,47904212.0,1.3341,3.1156,1,0,none,baostock,query_history_k_data_plus
603286,SHSE.603286,,SH,A股-上交所,2021-09-06,17.42,17.74,17.13,17.4,17.47,1680000,29223347.36,-0.4007,1.9074,1,0,none,baostock,query_history_k_data_plus
603286,SHSE.603286,,SH,A股-上交所,2021-09-07,17.66,17.75,17.25,17.47,17.4,1705402,29862377.79,0.4023,1.9363,1,0,none,baostock,query_history_k_data_plus
603286,SHSE.603286,,SH,A股-上交所,2021-09-08,17.4,17.51,17.2,17.24,17.47,1752733,30321523.95,-1.3165,1.99,1,0,none,baostock,query_history_k_data_plus
603286,SHSE.603286,,SH,A股-上交所,2021-09-09,17.15,17.37,17.01,17.22,17.24,1376962,23620349.44,-0.116,1.5634,1,0,none,baostock,query_history_k_data_plus
603286,SHSE.603286,,SH,A股-上交所,2021-09-10,17.06,17.23,16.6,16.61,17.22,2227111,37479718.09,-3.5424,2.5286,1,0,none,baostock,query_history_k_data_plus
603286,SHSE.603286,,SH,A股-上交所,2021-09-13,16.0,16.47,15.84,15.9,16.61,4125400,66125690.63,-4.2745,4.6839,1,0,none,baostock,query_history_k_data_plus
603286,SHSE.603286,,SH,A股-上交所,2021-09-14,15.85,16.08,15.43,15.46,15.9,2877749,45325534.07,-2.7673,3.2673,1,0,none,baostock,query_history_k_data_plus
603286,SHSE.603286,,SH,A股-上交所,2021-09-15,15.44,15.79,15.27,15.67,15.46,1918100,29890014.0,1.3583,2.1778,1,0,none,baostock,query_history_k_data_plus
603286,SHSE.603286,,SH,A股-上交所,2021-09-16,15.68,15.95,15.57,15.58,15.67,1365600,21516810.0,-0.5743,1.5505,1,0,none,baostock,query_history_k_data_plus
603286,SHSE.603286,,SH,A股-上交所,2021-09-17,15.68,15.68,15.21,15.48,15.58,1442000,22304870.0,-0.6418,1.6372,1,0,none,baostock,query_history_k_data_plus
603286,SHSE.603286,,SH,A股-上交所,2021-09-22,15.39,15.66,15.27,15.64,15.48,808300,12551608.0,1.0336,0.9177,1,0,none,baostock,query_history_k_data_plus
603286,SHSE.603286,,SH,A股-上交所,2021-09-23,15.72,15.9,15.64,15.86,15.64,1035600,16374129.0,1.4066,1.1758,1,0,none,baostock,query_history_k_data_plus
603286,SHSE.603286,,SH,A股-上交所,2021-09-24,15.93,15.93,15.31,15.33,15.86,890700,13831234.0,-3.3417,1.0113,1,0,none,baostock,query_history_k_data_plus
603286,SHSE.603286,,SH,A股-上交所,2021-09-27,15.33,15.48,14.38,14.8,15.33,1559700,23089177.0,-3.4573,1.7709,1,0,none,baostock,query_history_k_data_plus
603286,SHSE.603286,,SH,A股-上交所,2021-09-28,14.6,15.04,14.55,14.86,14.8,767499,11413606.45,0.4054,0.8714,1,0,none,baostock,query_history_k_data_plus
603286,SHSE.603286,,SH,A股-上交所,2021-09-29,14.8,14.85,14.41,14.41,14.86,749500,10952648.0,-3.0283,0.851,1,0,none,baostock,query_history_k_data_plus
603286,SHSE.603286,,SH,A股-上交所,2021-09-30,14.51,14.91,14.51,14.81,14.41,822500,12108835.0,2.7759,0.9339,1,0,none,baostock,query_history_k_data_plus
603286,SHSE.603286,,SH,A股-上交所,2021-10-08,14.81,15.45,14.81,15.36,14.81,1147700,17524598.0,3.7137,1.3031,1,0,none,baostock,query_history_k_data_plus
603286,SHSE.603286,,SH,A股-上交所,2021-10-11,15.49,15.49,15.22,15.3,15.36,491000,7524515.0,-0.3906,0.5575,1,0,none,baostock,query_history_k_data_plus
603286,SHSE.603286,,SH,A股-上交所,2021-10-12,15.32,15.39,14.78,15.0,15.3,757200,11366969.0,-1.9608,0.8597,1,0,none,baostock,query_history_k_data_plus
603286,SHSE.603286,,SH,A股-上交所,2021-10-13,15.06,15.2,14.87,15.16,15.0,569500,8593913.0,1.0667,0.6466,1,0,none,baostock,query_history_k_data_plus
603286,SHSE.603286,,SH,A股-上交所,2021-10-14,15.2,15.44,15.1,15.34,15.16,563400,8626138.0,1.1873,0.6397,1,0,none,baostock,query_history_k_data_plus
603286,SHSE.603286,,SH,A股-上交所,2021-10-15,15.71,15.74,15.08,15.13,15.34,562467,8567644.38,-1.369,0.6386,1,0,none,baostock,query_history_k_data_plus
603286,SHSE.603286,,SH,A股-上交所,2021-10-18,15.23,15.39,15.15,15.35,15.13,403500,6167411.0,1.4541,0.4581,1,0,none,baostock,query_history_k_data_plus
603286,SHSE.603286,,SH,A股-上交所,2021-10-19,15.35,15.48,15.23,15.3,15.35,494200,7597611.0,-0.3257,0.5611,1,0,none,baostock,query_history_k_data_plus
603286,SHSE.603286,,SH,A股-上交所,2021-10-20,15.31,15.43,15.06,15.18,15.3,775500,11801182.0,-0.7843,0.8805,1,0,none,baostock,query_history_k_data_plus
603286,SHSE.603286,,SH,A股-上交所,2021-10-21,15.14,15.14,14.67,14.75,15.18,935300,13898215.0,-2.8327,1.0619,1,0,none,baostock,query_history_k_data_plus
603286,SHSE.603286,,SH,A股-上交所,2021-10-22,14.75,14.97,14.62,14.69,14.75,480100,7100510.0,-0.4068,0.5451,1,0,none,baostock,query_history_k_data_plus
603286,SHSE.603286,,SH,A股-上交所,2021-10-25,14.55,14.85,14.41,14.54,14.69,521700,7561143.0,-1.0211,0.5923,1,0,none,baostock,query_history_k_data_plus
603286,SHSE.603286,,SH,A股-上交所,2021-10-26,14.53,15.6,14.47,15.44,14.54,2538551,38189662.4,6.1898,2.8822,1,0,none,baostock,query_history_k_data_plus
603286,SHSE.603286,,SH,A股-上交所,2021-10-27,15.45,16.78,15.41,16.48,15.44,7530076,122515406.33,6.7358,8.5495,1,0,none,baostock,query_history_k_data_plus
603286,SHSE.603286,,SH,A股-上交所,2021-10-28,16.1,16.25,14.83,15.87,16.48,6712998,104601899.16,-3.7015,7.6218,1,0,none,baostock,query_history_k_data_plus
603286,SHSE.603286,,SH,A股-上交所,2021-10-29,15.48,15.5,14.58,15.21,15.87,3604766,54267740.17,-4.1588,4.0928,1,0,none,baostock,query_history_k_data_plus
603286,SHSE.603286,,SH,A股-上交所,2021-11-01,15.14,15.35,14.7,15.07,15.21,2566247,38749947.94,-0.9204,2.9137,1,0,none,baostock,query_history_k_data_plus
603286,SHSE.603286,,SH,A股-上交所,2021-11-02,15.14,15.29,14.52,14.79,15.07,2542299,37813022.2,-1.858,2.8865,1,0,none,baostock,query_history_k_data_plus
603286,SHSE.603286,,SH,A股-上交所,2021-11-03,14.73,15.36,14.67,15.16,14.79,2156250,32579734.91,2.5017,2.4482,1,0,none,baostock,query_history_k_data_plus
603286,SHSE.603286,,SH,A股-上交所,2021-11-04,15.19,15.27,15.09,15.18,15.16,1552900,23534559.0,0.1319,1.7631,1,0,none,baostock,query_history_k_data_plus
603286,SHSE.603286,,SH,A股-上交所,2021-11-05,15.2,15.22,14.95,14.95,15.18,1391400,20994499.0,-1.5152,1.5798,1,0,none,baostock,query_history_k_data_plus
603286,SHSE.603286,,SH,A股-上交所,2021-11-08,14.94,15.11,14.87,15.09,14.95,925600,13873502.0,0.9365,1.0509,1,0,none,baostock,query_history_k_data_plus
603286,SHSE.603286,,SH,A股-上交所,2021-11-09,15.07,15.36,14.97,15.27,15.09,1763800,26755287.0,1.1928,2.0026,1,0,none,baostock,query_history_k_data_plus
603286,SHSE.603286,,SH,A股-上交所,2021-11-10,15.21,15.84,15.16,15.78,15.27,2808100,43577178.0,3.3399,3.1883,1,0,none,baostock,query_history_k_data_plus
603286,SHSE.603286,,SH,A股-上交所,2021-11-11,15.79,16.3,15.74,16.13,15.78,3265843,52564071.59,2.218,3.708,1,0,none,baostock,query_history_k_data_plus
603286,SHSE.603286,,SH,A股-上交所,2021-11-12,16.3,17.74,16.3,17.74,16.13,8337097,145345152.93,9.9814,9.4658,1,0,none,baostock,query_history_k_data_plus
603286,SHSE.603286,,SH,A股-上交所,2021-11-15,19.51,19.51,19.51,19.51,17.74,1983700,38701987.0,9.9775,2.2523,1,0,none,baostock,query_history_k_data_plus
603286,SHSE.603286,,SH,A股-上交所,2021-11-16,21.45,21.46,19.88,21.46,19.51,18331928,383671038.75,9.9949,20.8138,1,0,none,baostock,query_history_k_data_plus
603286,SHSE.603286,,SH,A股-上交所,2021-11-17,20.56,23.61,20.01,22.1,21.46,18494720,395249817.1,2.9823,20.9986,1,0,none,baostock,query_history_k_data_plus
603286,SHSE.603286,,SH,A股-上交所,2021-11-18,21.66,23.38,20.61,21.36,22.1,15779961,344716944.14,-3.3484,17.9163,1,0,none,baostock,query_history_k_data_plus
603286,SHSE.603286,,SH,A股-上交所,2021-11-19,20.8,21.15,20.2,20.95,21.36,8255800,171643323.0,-1.9195,9.3735,1,0,none,baostock,query_history_k_data_plus
603286,SHSE.603286,,SH,A股-上交所,2021-11-22,21.16,23.05,20.54,23.05,20.95,12916062,286632781.93,10.0239,14.6647,1,0,none,baostock,query_history_k_data_plus
603286,SHSE.603286,,SH,A股-上交所,2021-11-23,22.4,24.88,22.0,24.01,23.05,13041961,302397668.77,4.1649,14.8076,1,0,none,baostock,query_history_k_data_plus
603286,SHSE.603286,,SH,A股-上交所,2021-11-24,23.41,26.41,23.2,26.41,24.01,11046972,276907052.52,9.9958,12.5425,1,0,none,baostock,query_history_k_data_plus
603286,SHSE.603286,,SH,A股-上交所,2021-11-25,26.2,26.3,24.2,24.63,26.41,9037433,227560683.11,-6.7399,10.2609,1,0,none,baostock,query_history_k_data_plus
603286,SHSE.603286,,SH,A股-上交所,2021-11-26,24.0,24.5,23.64,24.02,24.63,6025372,144462235.8,-2.4767,6.8411,1,0,none,baostock,query_history_k_data_plus
603286,SHSE.603286,,SH,A股-上交所,2021-11-29,23.73,24.75,23.22,24.28,24.02,6109100,146115726.0,1.0824,6.9362,1,0,none,baostock,query_history_k_data_plus
603286,SHSE.603286,,SH,A股-上交所,2021-11-30,24.3,25.66,22.52,23.0,24.28,9383600,224358991.0,-5.2718,10.654,1,0,none,baostock,query_history_k_data_plus
603286,SHSE.603286,,SH,A股-上交所,2021-12-01,23.33,23.82,22.6,23.52,23.0,6044500,141027621.0,2.2609,6.8628,1,0,none,baostock,query_history_k_data_plus
603286,SHSE.603286,,SH,A股-上交所,2021-12-02,23.53,23.76,21.94,21.97,23.52,8421461,189619395.91,-6.5901,9.5616,1,0,none,baostock,query_history_k_data_plus
603286,SHSE.603286,,SH,A股-上交所,2021-12-03,21.9,22.33,21.56,21.86,21.97,5296400,116179848.0,-0.5007,6.0134,1,0,none,baostock,query_history_k_data_plus
603286,SHSE.603286,,SH,A股-上交所,2021-12-06,21.64,21.99,20.6,20.85,21.86,5147800,109129856.0,-4.6203,5.8447,1,0,none,baostock,query_history_k_data_plus
603286,SHSE.603286,,SH,A股-上交所,2021-12-07,20.98,21.2,19.62,19.89,20.85,5249100,105166554.0,-4.6043,5.9597,1,0,none,baostock,query_history_k_data_plus
603286,SHSE.603286,,SH,A股-上交所,2021-12-08,20.08,20.38,19.9,20.3,19.89,3156100,63750629.0,2.0613,3.5834,1,0,none,baostock,query_history_k_data_plus
603286,SHSE.603286,,SH,A股-上交所,2021-12-09,20.3,20.46,20.02,20.37,20.3,3830100,77425730.0,0.3448,4.3486,1,0,none,baostock,query_history_k_data_plus
603286,SHSE.603286,,SH,A股-上交所,2021-12-10,20.3,20.87,20.01,20.66,20.37,3111700,63774833.0,1.4237,3.533,1,0,none,baostock,query_history_k_data_plus
603286,SHSE.603286,,SH,A股-上交所,2021-12-13,20.68,20.92,20.05,20.5,20.66,2783200,56586877.02,-0.7744,3.16,1,0,none,baostock,query_history_k_data_plus
603286,SHSE.603286,,SH,A股-上交所,2021-12-14,20.35,20.85,20.06,20.69,20.5,4136900,84634195.0,0.9268,4.697,1,0,none,baostock,query_history_k_data_plus
603286,SHSE.603286,,SH,A股-上交所,2021-12-15,20.8,21.18,20.15,20.5,20.69,4524800,93370481.0,-0.9183,5.1374,1,0,none,baostock,query_history_k_data_plus
603286,SHSE.603286,,SH,A股-上交所,2021-12-16,20.69,20.86,20.21,20.58,20.5,3305700,67786371.0,0.3902,3.7532,1,0,none,baostock,query_history_k_data_plus
603286,SHSE.603286,,SH,A股-上交所,2021-12-17,20.58,20.58,19.2,19.69,20.58,5061100,99940808.0,-4.3246,5.7463,1,0,none,baostock,query_history_k_data_plus
603286,SHSE.603286,,SH,A股-上交所,2021-12-20,19.82,20.35,19.51,19.96,19.69,4268000,85465336.0,1.3713,4.8458,1,0,none,baostock,query_history_k_data_plus
603286,SHSE.603286,,SH,A股-上交所,2021-12-21,19.8,20.68,19.67,20.29,19.96,3364300,68108150.0,1.6533,3.8198,1,0,none,baostock,query_history_k_data_plus
603286,SHSE.603286,,SH,A股-上交所,2021-12-22,20.45,20.5,20.02,20.32,20.29,2112800,42677899.0,0.1479,2.3988,1,0,none,baostock,query_history_k_data_plus
603286,SHSE.603286,,SH,A股-上交所,2021-12-23,20.42,20.88,19.97,20.74,20.32,4215800,86806619.0,2.0669,4.7865,1,0,none,baostock,query_history_k_data_plus
603286,SHSE.603286,,SH,A股-上交所,2021-12-24,20.81,20.98,19.24,19.4,20.74,5087100,101055753.0,-6.4609,5.7758,1,0,none,baostock,query_history_k_data_plus
603286,SHSE.603286,,SH,A股-上交所,2021-12-27,19.52,19.8,19.13,19.66,19.4,2625000,51257974.0,1.3402,2.9804,1,0,none,baostock,query_history_k_data_plus
603286,SHSE.603286,,SH,A股-上交所,2021-12-28,19.66,19.82,19.35,19.8,19.66,1886200,36927010.0,0.7121,2.1416,1,0,none,baostock,query_history_k_data_plus
603286,SHSE.603286,,SH,A股-上交所,2021-12-29,19.79,19.79,19.21,19.21,19.8,1926700,37427229.0,-2.9798,2.1875,1,0,none,baostock,query_history_k_data_plus
603286,SHSE.603286,,SH,A股-上交所,2021-12-30,19.03,19.83,19.03,19.64,19.21,2228700,43794221.0,2.2384,2.5304,1,0,none,baostock,query_history_k_data_plus
603286,SHSE.603286,,SH,A股-上交所,2021-12-31,19.95,19.95,19.13,19.16,19.64,2281300,43994838.0,-2.444,2.5901,1,0,none,baostock,query_history_k_data_plus
603286,SHSE.603286,,SH,A股-上交所,2022-01-04,19.28,19.67,19.11,19.64,19.16,1948100,37890258.0,2.5052,2.2118,1,0,none,baostock,query_history_k_data_plus
603286,SHSE.603286,,SH,A股-上交所,2022-01-05,19.6,19.6,18.33,18.58,19.64,3071400,57773687.0,-5.3971,3.4872,1,0,none,baostock,query_history_k_data_plus
603286,SHSE.603286,,SH,A股-上交所,2022-01-06,18.59,19.34,18.42,19.19,18.58,2387400,45356068.0,3.2831,2.7106,1,0,none,baostock,query_history_k_data_plus
603286,SHSE.603286,,SH,A股-上交所,2022-01-07,19.19,19.49,18.49,18.58,19.19,1709800,32071793.0,-3.1787,1.9413,1,0,none,baostock,query_history_k_data_plus
603286,SHSE.603286,,SH,A股-上交所,2022-01-10,18.55,18.79,18.1,18.74,18.58,1064900,19766451.0,0.8611,1.2091,1,0,none,baostock,query_history_k_data_plus
603286,SHSE.603286,,SH,A股-上交所,2022-01-11,19.0,19.2,18.45,18.79,18.74,1061500,20061430.0,0.2668,1.2052,1,0,none,baostock,query_history_k_data_plus
603286,SHSE.603286,,SH,A股-上交所,2022-01-12,18.73,19.27,18.73,19.06,18.79,1936600,36876287.0,1.4369,2.1988,1,0,none,baostock,query_history_k_data_plus
603286,SHSE.603286,,SH,A股-上交所,2022-01-13,19.06,19.24,18.8,19.0,19.06,1094400,20853253.0,-0.3148,1.2426,1,0,none,baostock,query_history_k_data_plus
603286,SHSE.603286,,SH,A股-上交所,2022-01-14,19.1,19.9,18.81,19.7,19.0,3211200,62493999.0,3.6842,3.6459,1,0,none,baostock,query_history_k_data_plus
603286,SHSE.603286,,SH,A股-上交所,2022-01-17,19.73,20.83,19.73,20.44,19.7,5326800,108646191.0,3.7563,6.048,1,0,none,baostock,query_history_k_data_plus
603286,SHSE.603286,,SH,A股-上交所,2022-01-18,20.35,20.38,18.6,19.06,20.44,4721000,90791099.0,-6.7515,5.3601,1,0,none,baostock,query_history_k_data_plus
603286,SHSE.603286,,SH,A股-上交所,2022-01-19,18.5,19.03,18.5,18.96,19.06,1814900,34118289.0,-0.5247,2.0606,1,0,none,baostock,query_history_k_data_plus
603286,SHSE.603286,,SH,A股-上交所,2022-01-20,18.87,18.87,17.83,18.02,18.96,3057000,55426965.0,-4.9578,3.4709,1,0,none,baostock,query_history_k_data_plus
603286,SHSE.603286,,SH,A股-上交所,2022-01-21,17.98,18.28,17.76,17.88,18.02,1424800,25555336.0,-0.7769,1.6177,1,0,none,baostock,query_history_k_data_plus
603286,SHSE.603286,,SH,A股-上交所,2022-01-24,17.85,18.28,17.65,18.07,17.88,1013400,18291794.0,1.0626,1.1506,1,0,none,baostock,query_history_k_data_plus
603286,SHSE.603286,,SH,A股-上交所,2022-01-25,17.89,18.06,17.1,17.1,18.07,1286400,22474946.0,-5.368,1.4606,1,0,none,baostock,query_history_k_data_plus
603286,SHSE.603286,,SH,A股-上交所,2022-01-26,17.39,17.58,16.7,17.55,17.1,1137500,19736366.0,2.6316,1.2915,1,0,none,baostock,query_history_k_data_plus
603286,SHSE.603286,,SH,A股-上交所,2022-01-27,17.36,17.88,17.0,17.08,17.55,993400,17154509.0,-2.6781,1.1279,1,0,none,baostock,query_history_k_data_plus
603286,SHSE.603286,,SH,A股-上交所,2022-01-28,17.11,17.78,17.05,17.47,17.08,935200,16318454.0,2.2834,1.0618,1,0,none,baostock,query_history_k_data_plus
603286,SHSE.603286,,SH,A股-上交所,2022-02-07,17.8,17.99,17.47,17.55,17.47,583300,10289865.0,0.4579,0.6623,1,0,none,baostock,query_history_k_data_plus
603286,SHSE.603286,,SH,A股-上交所,2022-02-08,17.69,17.95,17.42,17.93,17.55,729400,12937109.0,2.1652,0.8281,1,0,none,baostock,query_history_k_data_plus
603286,SHSE.603286,,SH,A股-上交所,2022-02-09,17.89,17.89,17.55,17.8,17.93,965300,17082457.0,-0.725,1.096,1,0,none,baostock,query_history_k_data_plus
603286,SHSE.603286,,SH,A股-上交所,2022-02-10,17.77,17.85,17.29,17.41,17.8,990400,17278166.0,-2.191,1.1245,1,0,none,baostock,query_history_k_data_plus
603286,SHSE.603286,,SH,A股-上交所,2022-02-11,17.41,17.41,16.64,16.73,17.41,1158800,19560044.0,-3.9058,1.3157,1,0,none,baostock,query_history_k_data_plus
603286,SHSE.603286,,SH,A股-上交所,2022-02-14,16.73,17.14,16.45,16.89,16.73,978100,16518693.0,0.9564,1.1105,1,0,none,baostock,query_history_k_data_plus
603286,SHSE.603286,,SH,A股-上交所,2022-02-15,16.92,17.24,16.55,17.15,16.89,1270900,21592603.0,1.5394,1.443,1,0,none,baostock,query_history_k_data_plus
603286,SHSE.603286,,SH,A股-上交所,2022-02-16,17.17,17.42,17.02,17.25,17.15,708100,12227356.0,0.5831,0.804,1,0,none,baostock,query_history_k_data_plus
603286,SHSE.603286,,SH,A股-上交所,2022-02-17,17.2,17.48,17.13,17.27,17.25,889600,15386168.0,0.1159,1.01,1,0,none,baostock,query_history_k_data_plus
603286,SHSE.603286,,SH,A股-上交所,2022-02-18,17.17,17.42,16.94,17.4,17.27,549300,9453112.0,0.7528,0.6237,1,0,none,baostock,query_history_k_data_plus
603286,SHSE.603286,,SH,A股-上交所,2022-02-21,17.45,17.57,17.29,17.56,17.4,1148500,20027105.0,0.9195,1.304,1,0,none,baostock,query_history_k_data_plus
603286,SHSE.603286,,SH,A股-上交所,2022-02-22,17.63,17.63,17.1,17.31,17.56,920700,15925186.0,-1.4237,1.0453,1,0,none,baostock,query_history_k_data_plus
603286,SHSE.603286,,SH,A股-上交所,2022-02-23,17.43,17.77,17.32,17.63,17.31,1072600,18887222.0,1.8486,1.2178,1,0,none,baostock,query_history_k_data_plus
603286,SHSE.603286,,SH,A股-上交所,2022-02-24,17.51,17.95,17.04,17.27,17.63,1543200,27032186.0,-2.042,1.7521,1,0,none,baostock,query_history_k_data_plus
603286,SHSE.603286,,SH,A股-上交所,2022-02-25,17.3,17.9,17.3,17.6,17.27,917800,16187635.0,1.9108,1.0421,1,0,none,baostock,query_history_k_data_plus
603286,SHSE.603286,,SH,A股-上交所,2022-02-28,17.6,17.88,17.0,17.38,17.6,842499,14547270.0,-1.25,0.9566,1,0,none,baostock,query_history_k_data_plus
603286,SHSE.603286,,SH,A股-上交所,2022-03-01,17.48,17.8,17.46,17.75,17.38,908900,16084079.0,2.1289,1.0319,1,0,none,baostock,query_history_k_data_plus
603286,SHSE.603286,,SH,A股-上交所,2022-03-02,17.66,17.89,17.65,17.87,17.75,724800,12908288.0,0.6761,0.8229,1,0,none,baostock,query_history_k_data_plus
603286,SHSE.603286,,SH,A股-上交所,2022-03-03,17.95,18.01,17.63,17.68,17.87,574600,10188232.0,-1.0632,0.6524,1,0,none,baostock,query_history_k_data_plus
603286,SHSE.603286,,SH,A股-上交所,2022-03-04,17.66,17.87,17.38,17.52,17.68,964500,16987958.0,-0.905,1.0951,1,0,none,baostock,query_history_k_data_plus
603286,SHSE.603286,,SH,A股-上交所,2022-03-07,16.65,17.63,16.6,17.24,17.52,676100,11718804.0,-1.5982,0.7676,1,0,none,baostock,query_history_k_data_plus
603286,SHSE.603286,,SH,A股-上交所,2022-03-08,17.25,17.36,16.55,16.59,17.24,919072,15474520.0,-3.7703,1.0435,1,0,none,baostock,query_history_k_data_plus
603286,SHSE.603286,,SH,A股-上交所,2022-03-09,16.55,16.81,15.58,16.39,16.59,1279700,20888790.0,-1.2055,1.4529,1,0,none,baostock,query_history_k_data_plus
603286,SHSE.603286,,SH,A股-上交所,2022-03-10,16.66,16.92,16.63,16.75,16.39,682300,11447818.0,2.1965,0.7747,1,0,none,baostock,query_history_k_data_plus
603286,SHSE.603286,,SH,A股-上交所,2022-03-11,16.55,16.99,16.23,16.96,16.75,792200,13160663.0,1.2537,0.8995,1,0,none,baostock,query_history_k_data_plus
603286,SHSE.603286,,SH,A股-上交所,2022-03-14,16.8,16.97,16.44,16.45,16.96,474400,7915475.0,-3.0071,0.5386,1,0,none,baostock,query_history_k_data_plus
603286,SHSE.603286,,SH,A股-上交所,2022-03-15,16.6,16.8,15.88,15.88,16.45,856400,14062359.0,-3.465,0.9723,1,0,none,baostock,query_history_k_data_plus
603286,SHSE.603286,,SH,A股-上交所,2022-03-16,15.9,16.68,15.86,16.52,15.88,987100,15983140.0,4.0302,1.1207,1,0,none,baostock,query_history_k_data_plus
603286,SHSE.603286,,SH,A股-上交所,2022-03-17,16.8,17.0,16.69,16.71,16.52,816532,13713151.0,1.1501,0.9271,1,0,none,baostock,query_history_k_data_plus
603286,SHSE.603286,,SH,A股-上交所,2022-03-18,16.69,17.19,16.59,17.11,16.71,734700,12471950.4,2.3938,0.8342,1,0,none,baostock,query_history_k_data_plus
603286,SHSE.603286,,SH,A股-上交所,2022-03-21,17.27,17.59,17.07,17.5,17.11,1001300,17353681.0,2.2794,1.1369,1,0,none,baostock,query_history_k_data_plus
603286,SHSE.603286,,SH,A股-上交所,2022-03-22,17.5,17.67,17.14,17.36,17.5,1013600,17545963.0,-0.8,1.1508,1,0,none,baostock,query_history_k_data_plus
603286,SHSE.603286,,SH,A股-上交所,2022-03-23,17.56,17.71,17.18,17.25,17.36,632932,10960769.72,-0.6336,0.7186,1,0,none,baostock,query_history_k_data_plus
603286,SHSE.603286,,SH,A股-上交所,2022-03-24,17.3,17.44,16.97,17.22,17.25,792200,13668121.0,-0.1739,0.8995,1,0,none,baostock,query_history_k_data_plus
603286,SHSE.603286,,SH,A股-上交所,2022-03-25,17.28,17.57,16.52,17.42,17.22,794300,13823282.0,1.1614,0.9018,1,0,none,baostock,query_history_k_data_plus
603286,SHSE.603286,,SH,A股-上交所,2022-03-28,17.44,17.44,17.0,17.15,17.42,632000,10879941.0,-1.5499,0.7176,1,0,none,baostock,query_history_k_data_plus
603286,SHSE.603286,,SH,A股-上交所,2022-03-29,17.26,17.26,16.8,16.97,17.15,689100,11698678.0,-1.0496,0.7824,1,0,none,baostock,query_history_k_data_plus
603286,SHSE.603286,,SH,A股-上交所,2022-03-30,16.97,17.21,16.85,17.03,16.97,447500,7610598.0,0.3536,0.5081,1,0,none,baostock,query_history_k_data_plus
603286,SHSE.603286,,SH,A股-上交所,2022-03-31,17.04,17.68,16.88,17.31,17.03,928000,16066525.0,1.6442,1.0536,1,0,none,baostock,query_history_k_data_plus
603286,SHSE.603286,,SH,A股-上交所,2022-04-01,17.47,17.47,16.91,16.97,17.31,734700,12545647.0,-1.9642,0.8342,1,0,none,baostock,query_history_k_data_plus
603286,SHSE.603286,,SH,A股-上交所,2022-04-06,16.96,17.34,16.8,17.12,16.97,676800,11620411.0,0.8839,0.7684,1,0,none,baostock,query_history_k_data_plus
603286,SHSE.603286,,SH,A股-上交所,2022-04-07,17.21,17.21,16.6,16.69,17.12,714200,12031785.0,-2.5117,0.8109,1,0,none,baostock,query_history_k_data_plus
603286,SHSE.603286,,SH,A股-上交所,2022-04-08,16.66,16.83,16.0,16.21,16.69,556500,9084761.0,-2.876,0.6318,1,0,none,baostock,query_history_k_data_plus
603286,SHSE.603286,,SH,A股-上交所,2022-04-11,16.21,16.38,15.71,15.89,16.21,681200,10946562.0,-1.9741,0.7734,1,0,none,baostock,query_history_k_data_plus
603286,SHSE.603286,,SH,A股-上交所,2022-04-12,15.89,16.29,15.72,16.29,15.89,522000,8361018.0,2.5173,0.5927,1,0,none,baostock,query_history_k_data_plus
603286,SHSE.603286,,SH,A股-上交所,2022-04-13,16.3,16.39,15.89,15.89,16.29,397300,6353095.0,-2.4555,0.4511,1,0,none,baostock,query_history_k_data_plus
603286,SHSE.603286,,SH,A股-上交所,2022-04-14,15.9,16.18,15.9,15.96,15.89,350199,5614622.98,0.4405,0.3976,1,0,none,baostock,query_history_k_data_plus
603286,SHSE.603286,,SH,A股-上交所,2022-04-15,16.1,16.1,15.22,15.47,15.96,773000,12009065.0,-3.0702,0.8777,1,0,none,baostock,query_history_k_data_plus
603286,SHSE.603286,,SH,A股-上交所,2022-04-18,15.47,16.26,15.3,16.21,15.47,970700,15427590.0,4.7835,1.1021,1,0,none,baostock,query_history_k_data_plus
603286,SHSE.603286,,SH,A股-上交所,2022-04-19,16.17,16.27,15.93,16.17,16.21,780700,12570610.0,-0.2468,0.8864,1,0,none,baostock,query_history_k_data_plus
603286,SHSE.603286,,SH,A股-上交所,2022-04-20,16.22,16.76,16.03,16.34,16.17,951500,15743794.0,1.0513,1.0803,1,0,none,baostock,query_history_k_data_plus
603286,SHSE.603286,,SH,A股-上交所,2022-04-21,16.43,16.44,15.79,15.84,16.34,624400,10073513.0,-3.06,0.7089,1,0,none,baostock,query_history_k_data_plus
603286,SHSE.603286,,SH,A股-上交所,2022-04-22,15.8,15.9,15.41,15.56,15.84,647100,10142443.0,-1.7677,0.7347,1,0,none,baostock,query_history_k_data_plus
603286,SHSE.603286,,SH,A股-上交所,2022-04-25,15.4,15.4,14.0,14.02,15.56,993400,14449655.0,-9.8972,1.1279,1,0,none,baostock,query_history_k_data_plus
603286,SHSE.603286,,SH,A股-上交所,2022-04-26,14.03,14.26,12.87,13.12,14.02,1255800,17050378.0,-6.4194,1.4258,1,0,none,baostock,query_history_k_data_plus
603286,SHSE.603286,,SH,A股-上交所,2022-04-27,13.12,13.51,12.71,13.51,13.12,1270300,16680344.0,2.9726,1.4423,1,0,none,baostock,query_history_k_data_plus
603286,SHSE.603286,,SH,A股-上交所,2022-04-28,13.3,13.46,12.51,12.72,13.51,1337884,17274799.44,-5.8475,1.519,1,0,none,baostock,query_history_k_data_plus
603286,SHSE.603286,,SH,A股-上交所,2022-04-29,12.83,13.59,12.83,13.5,12.72,1270300,16924617.0,6.1321,1.4423,1,0,none,baostock,query_history_k_data_plus
603286,SHSE.603286,,SH,A股-上交所,2022-05-05,13.45,13.79,13.43,13.64,13.5,1087000,14831918.0,1.037,1.2342,1,0,none,baostock,query_history_k_data_plus
603286,SHSE.603286,,SH,A股-上交所,2022-05-06,13.45,13.58,13.21,13.34,13.64,719200,9622962.0,-2.1994,0.8166,1,0,none,baostock,query_history_k_data_plus
603286,SHSE.603286,,SH,A股-上交所,2022-05-09,13.36,13.66,13.36,13.55,13.34,1070200,14465593.0,1.5742,1.2151,1,0,none,baostock,query_history_k_data_plus
603286,SHSE.603286,,SH,A股-上交所,2022-05-10,13.35,13.63,13.23,13.58,13.55,1059200,14322613.0,0.2214,1.2026,1,0,none,baostock,query_history_k_data_plus
603286,SHSE.603286,,SH,A股-上交所,2022-05-11,13.59,14.15,13.58,13.74,13.58,1884200,26129184.0,1.1782,2.1393,1,0,none,baostock,query_history_k_data_plus
603286,SHSE.603286,,SH,A股-上交所,2022-05-12,13.73,13.98,13.59,13.89,13.74,1179900,16304178.0,1.0917,1.3396,1,0,none,baostock,query_history_k_data_plus
603286,SHSE.603286,,SH,A股-上交所,2022-05-13,13.94,14.88,13.88,14.5,13.89,3320100,47641923.0,4.3916,3.7696,1,0,none,baostock,query_history_k_data_plus
603286,SHSE.603286,,SH,A股-上交所,2022-05-16,14.48,14.48,14.1,14.3,14.5,2709800,38656671.0,-1.3793,3.0767,1,0,none,baostock,query_history_k_data_plus
603286,SHSE.603286,,SH,A股-上交所,2022-05-17,14.22,14.4,13.95,14.16,14.3,1490900,21091789.0,-0.979,1.6927,1,0,none,baostock,query_history_k_data_plus
603286,SHSE.603286,,SH,A股-上交所,2022-05-18,14.23,14.84,14.13,14.58,14.16,2097400,30617710.0,2.9661,2.3814,1,0,none,baostock,query_history_k_data_plus
603286,SHSE.603286,,SH,A股-上交所,2022-05-19,14.39,14.84,14.36,14.82,14.58,1349300,19831526.0,1.6461,1.532,1,0,none,baostock,query_history_k_data_plus
603286,SHSE.603286,,SH,A股-上交所,2022-05-20,14.99,15.0,14.68,14.74,14.82,885800,13071492.0,-0.5398,1.0057,1,0,none,baostock,query_history_k_data_plus
603286,SHSE.603286,,SH,A股-上交所,2022-05-23,14.87,15.1,14.74,15.05,14.74,1119684,16703294.52,2.1031,1.2713,1,0,none,baostock,query_history_k_data_plus
603286,SHSE.603286,,SH,A股-上交所,2022-05-24,15.05,15.26,14.2,14.3,15.05,1890400,27703420.0,-4.9834,2.1463,1,0,none,baostock,query_history_k_data_plus
603286,SHSE.603286,,SH,A股-上交所,2022-05-25,14.44,14.78,14.3,14.68,14.3,1326800,19317186.0,2.6573,1.5064,1,0,none,baostock,query_history_k_data_plus
603286,SHSE.603286,,SH,A股-上交所,2022-05-26,14.86,14.86,14.27,14.6,14.68,1245000,18142053.0,-0.545,1.4136,1,0,none,baostock,query_history_k_data_plus
603286,SHSE.603286,,SH,A股-上交所,2022-05-27,14.68,14.78,14.32,14.63,14.6,1161300,16940095.0,0.2055,1.3185,1,0,none,baostock,query_history_k_data_plus
603286,SHSE.603286,,SH,A股-上交所,2022-05-30,14.55,14.97,14.45,14.89,14.63,1825200,26926747.0,1.7772,2.0723,1,0,none,baostock,query_history_k_data_plus
603286,SHSE.603286,,SH,A股-上交所,2022-05-31,14.89,14.89,14.51,14.78,14.89,1075800,15815130.0,-0.7388,1.2214,1,0,none,baostock,query_history_k_data_plus
603286,SHSE.603286,,SH,A股-上交所,2022-06-01,14.75,15.07,14.63,15.01,14.78,836700,12502388.0,1.5562,0.95,1,0,none,baostock,query_history_k_data_plus
603286,SHSE.603286,,SH,A股-上交所,2022-06-02,15.02,15.63,14.8,15.55,15.01,1820232,27917681.48,3.5976,2.0667,1,0,none,baostock,query_history_k_data_plus
603286,SHSE.603286,,SH,A股-上交所,2022-06-06,15.5,16.95,15.4,16.7,15.55,5183700,85064638.0,7.3955,5.8855,1,0,none,baostock,query_history_k_data_plus
603286,SHSE.603286,,SH,A股-上交所,2022-06-07,16.56,16.95,15.41,15.61,16.7,5747800,91026885.0,-6.5269,6.526,1,0,none,baostock,query_history_k_data_plus
603286,SHSE.603286,,SH,A股-上交所,2022-06-08,15.51,15.61,14.9,15.26,15.61,3108000,47407038.0,-2.2422,3.5288,1,0,none,baostock,query_history_k_data_plus
603286,SHSE.603286,,SH,A股-上交所,2022-06-09,15.26,15.3,14.58,14.68,15.26,1961538,29167180.62,-3.8008,2.2271,1,0,none,baostock,query_history_k_data_plus
603286,SHSE.603286,,SH,A股-上交所,2022-06-10,14.67,15.54,14.63,15.3,14.68,2994700,45452093.0,4.2234,3.4001,1,0,none,baostock,query_history_k_data_plus
603286,SHSE.603286,,SH,A股-上交所,2022-06-13,15.0,15.72,14.85,15.51,15.3,2582100,39742678.0,1.3725,2.9317,1,0,none,baostock,query_history_k_data_plus
603286,SHSE.603286,,SH,A股-上交所,2022-06-14,15.42,15.74,15.16,15.6,15.51,2190400,33884829.0,0.5803,2.4869,1,0,none,baostock,query_history_k_data_plus
603286,SHSE.603286,,SH,A股-上交所,2022-06-15,15.67,15.93,15.41,15.44,15.6,1900400,29819478.0,-1.0256,2.1577,1,0,none,baostock,query_history_k_data_plus
603286,SHSE.603286,,SH,A股-上交所,2022-06-16,15.44,15.76,15.32,15.71,15.44,1777900,27740777.0,1.7487,2.0186,1,0,none,baostock,query_history_k_data_plus
603286,SHSE.603286,,SH,A股-上交所,2022-06-17,15.72,16.33,15.52,16.29,15.71,2769900,44243795.0,3.6919,3.1449,1,0,none,baostock,query_history_k_data_plus
603286,SHSE.603286,,SH,A股-上交所,2022-06-20,16.11,17.08,15.88,16.8,16.29,4015100,66165705.0,3.1308,4.5587,1,0,none,baostock,query_history_k_data_plus
603286,SHSE.603286,,SH,A股-上交所,2022-06-21,16.7,16.8,16.0,16.15,16.8,3323700,53882272.0,-3.869,3.7737,1,0,none,baostock,query_history_k_data_plus
603286,SHSE.603286,,SH,A股-上交所,2022-06-22,16.2,16.4,15.9,15.9,16.15,2104500,34095701.0,-1.548,2.3894,1,0,none,baostock,query_history_k_data_plus
603286,SHSE.603286,,SH,A股-上交所,2022-06-23,15.97,16.75,15.97,16.54,15.9,2848200,46908186.0,4.0252,3.2338,1,0,none,baostock,query_history_k_data_plus
603286,SHSE.603286,,SH,A股-上交所,2022-06-24,16.54,16.84,16.46,16.76,16.54,2337300,38931903.0,1.3301,2.6537,1,0,none,baostock,query_history_k_data_plus
603286,SHSE.603286,,SH,A股-上交所,2022-06-27,16.86,17.16,16.52,16.6,16.76,1847800,30808209.0,-0.9547,2.098,1,0,none,baostock,query_history_k_data_plus
603286,SHSE.603286,,SH,A股-上交所,2022-06-28,16.65,17.1,16.31,17.05,16.6,2234506,37549464.7,2.7108,2.537,1,0,none,baostock,query_history_k_data_plus
603286,SHSE.603286,,SH,A股-上交所,2022-06-29,16.99,16.99,16.11,16.12,17.05,2523200,41215210.0,-5.4545,2.8648,1,0,none,baostock,query_history_k_data_plus
603286,SHSE.603286,,SH,A股-上交所,2022-06-30,16.14,16.7,16.02,16.49,16.12,2299100,37852437.0,2.2953,2.6104,1,0,none,baostock,query_history_k_data_plus
603286,SHSE.603286,,SH,A股-上交所,2022-07-01,16.49,16.49,15.97,16.26,16.49,1649700,26768853.0,-1.3948,1.873,1,0,none,baostock,query_history_k_data_plus
603286,SHSE.603286,,SH,A股-上交所,2022-07-04,16.46,16.48,15.7,15.98,16.26,2219500,35338339.0,-1.722,2.52,1,0,none,baostock,query_history_k_data_plus
603286,SHSE.603286,,SH,A股-上交所,2022-07-05,16.17,16.17,15.6,15.73,15.98,1509400,23930040.0,-1.5645,1.7137,1,0,none,baostock,query_history_k_data_plus
603286,SHSE.603286,,SH,A股-上交所,2022-07-06,15.89,16.09,15.42,15.74,15.73,1482000,23362388.92,0.0636,1.6826,1,0,none,baostock,query_history_k_data_plus
603286,SHSE.603286,,SH,A股-上交所,2022-07-07,15.88,15.88,15.61,15.83,15.74,1371604,21616957.68,0.5718,1.5573,1,0,none,baostock,query_history_k_data_plus
603286,SHSE.603286,,SH,A股-上交所,2022-07-08,15.83,16.03,15.73,15.85,15.83,1382504,21977614.6,0.1263,1.5697,1,0,none,baostock,query_history_k_data_plus
603286,SHSE.603286,,SH,A股-上交所,2022-07-11,15.89,15.9,15.34,15.57,15.85,1349000,20905277.0,-1.7666,1.5316,1,0,none,baostock,query_history_k_data_plus
603286,SHSE.603286,,SH,A股-上交所,2022-07-12,15.5,15.5,15.02,15.07,15.57,1467000,22295033.0,-3.2113,1.6656,1,0,none,baostock,query_history_k_data_plus
603286,SHSE.603286,,SH,A股-上交所,2022-07-13,15.0,15.54,15.0,15.43,15.07,1257200,19283627.0,2.3889,1.4274,1,0,none,baostock,query_history_k_data_plus
603286,SHSE.603286,,SH,A股-上交所,2022-07-14,15.43,15.6,15.32,15.55,15.43,1224500,18963359.0,0.7777,1.3903,1,0,none,baostock,query_history_k_data_plus
603286,SHSE.603286,,SH,A股-上交所,2022-07-15,15.55,15.74,15.32,15.32,15.55,1141800,17719032.0,-1.4791,1.2964,1,0,none,baostock,query_history_k_data_plus
603286,SHSE.603286,,SH,A股-上交所,2022-07-18,15.25,15.99,15.21,15.95,15.32,1800900,28528169.0,4.1123,2.0447,1,0,none,baostock,query_history_k_data_plus
603286,SHSE.603286,,SH,A股-上交所,2022-07-19,15.97,16.26,15.84,16.16,15.95,1424600,22936998.0,1.3166,1.6175,1,0,none,baostock,query_history_k_data_plus
603286,SHSE.603286,,SH,A股-上交所,2022-07-20,16.2,16.27,15.95,16.12,16.16,1052400,16921661.0,-0.2475,1.1949,1,0,none,baostock,query_history_k_data_plus
603286,SHSE.603286,,SH,A股-上交所,2022-07-21,16.04,16.42,16.04,16.29,16.12,1668900,27154662.0,1.0546,1.8948,1,0,none,baostock,query_history_k_data_plus
603286,SHSE.603286,,SH,A股-上交所,2022-07-22,16.37,16.91,16.28,16.79,16.29,2737300,45488899.0,3.0694,3.1079,1,0,none,baostock,query_history_k_data_plus
603286,SHSE.603286,,SH,A股-上交所,2022-07-25,16.9,18.47,16.59,18.47,16.79,4770901,85038485.47,10.006,5.4168,1,0,none,baostock,query_history_k_data_plus
603286,SHSE.603286,,SH,A股-上交所,2022-07-26,18.9,19.28,17.7,17.86,18.47,9676801,176380596.17,-3.3027,10.9869,1,0,none,baostock,query_history_k_data_plus
603286,SHSE.603286,,SH,A股-上交所,2022-07-27,17.59,18.05,17.58,17.73,17.86,5243101,93333174.69,-0.7279,5.9529,1,0,none,baostock,query_history_k_data_plus
603286,SHSE.603286,,SH,A股-上交所,2022-07-28,17.79,19.18,17.79,18.6,17.73,9545720,177583037.44,4.9069,10.838,1,0,none,baostock,query_history_k_data_plus
603286,SHSE.603286,,SH,A股-上交所,2022-07-29,18.75,20.46,18.6,20.46,18.6,13063022,263151165.56,10.0,14.8315,1,0,none,baostock,query_history_k_data_plus
603286,SHSE.603286,,SH,A股-上交所,2022-08-01,21.5,22.51,21.0,22.51,20.46,6312119,138385497.9,10.0196,7.1667,1,0,none,baostock,query_history_k_data_plus
603286,SHSE.603286,,SH,A股-上交所,2022-08-02,24.76,24.76,22.52,24.76,22.51,12149232,293823608.72,9.9956,13.794,1,0,none,baostock,query_history_k_data_plus
603286,SHSE.603286,,SH,A股-上交所,2022-08-03,26.4,27.24,24.99,27.24,24.76,20037663,532580243.41,10.0162,22.7504,1,0,none,baostock,query_history_k_data_plus
603286,SHSE.603286,,SH,A股-上交所,2022-08-04,28.0,29.89,25.45,26.55,27.24,19927427,552013913.0,-2.533,22.6253,1,0,none,baostock,query_history_k_data_plus
603286,SHSE.603286,,SH,A股-上交所,2022-08-05,24.43,29.21,24.43,28.15,26.55,21084136,566038375.0,6.0264,23.9386,1,0,none,baostock,query_history_k_data_plus
603286,SHSE.603286,,SH,A股-上交所,2022-08-08,27.82,28.87,25.5,28.3,28.15,15552827,425163100.0,0.5329,17.6584,1,0,none,baostock,query_history_k_data_plus
603286,SHSE.603286,,SH,A股-上交所,2022-08-09,27.5,29.49,26.85,28.02,28.3,12422860,348057864.0,-0.9894,14.1047,1,0,none,baostock,query_history_k_data_plus
603286,SHSE.603286,,SH,A股-上交所,2022-08-10,28.7,29.0,27.01,27.61,28.02,12396619,345866956.0,-1.4632,14.0749,1,0,none,baostock,query_history_k_data_plus
603286,SHSE.603286,,SH,A股-上交所,2022-08-11,27.64,30.37,26.63,27.36,27.61,24777992,717182613.0,-0.9055,28.1325,1,0,none,baostock,query_history_k_data_plus
603286,SHSE.603286,,SH,A股-上交所,2022-08-12,24.62,24.7,24.62,24.62,27.36,3869200,95262512.0,-10.0146,4.393,1,0,none,baostock,query_history_k_data_plus
603286,SHSE.603286,,SH,A股-上交所,2022-08-15,22.16,23.24,22.16,22.16,24.62,18738391,418998065.18,-9.9919,21.2753,1,0,none,baostock,query_history_k_data_plus
603286,SHSE.603286,,SH,A股-上交所,2022-08-16,21.0,21.66,20.77,21.05,22.16,14293891,302186439.1,-5.009,16.229,1,0,none,baostock,query_history_k_data_plus
603286,SHSE.603286,,SH,A股-上交所,2022-08-17,20.82,22.3,20.8,22.1,21.05,14274024,306890574.76,4.9881,16.2065,1,0,none,baostock,query_history_k_data_plus
603286,SHSE.603286,,SH,A股-上交所,2022-08-18,21.46,22.79,21.36,21.93,22.1,10917698,242627283.68,-0.7692,12.3958,1,0,none,baostock,query_history_k_data_plus
603286,SHSE.603286,,SH,A股-上交所,2022-08-19,22.16,22.4,20.8,20.9,21.93,8765398,186304610.56,-4.6968,9.9521,1,0,none,baostock,query_history_k_data_plus
603286,SHSE.603286,,SH,A股-上交所,2022-08-22,20.92,21.09,20.08,20.11,20.9,8322000,168796519.0,-3.7799,9.4487,1,0,none,baostock,query_history_k_data_plus
603286,SHSE.603286,,SH,A股-上交所,2022-08-23,20.18,21.7,20.02,21.21,20.11,10326000,216387078.0,5.4699,11.724,1,0,none,baostock,query_history_k_data_plus
603286,SHSE.603286,,SH,A股-上交所,2022-08-24,21.28,21.84,20.25,20.25,21.21,7654400,160850663.0,-4.5262,8.6907,1,0,none,baostock,query_history_k_data_plus
603286,SHSE.603286,,SH,A股-上交所,2022-08-25,20.7,20.7,19.38,20.1,20.25,5315300,105987590.0,-0.7407,6.0349,1,0,none,baostock,query_history_k_data_plus
603286,SHSE.603286,,SH,A股-上交所,2022-08-26,20.1,20.75,19.95,20.14,20.1,4750500,96911395.0,0.199,5.3936,1,0,none,baostock,query_history_k_data_plus
603286,SHSE.603286,,SH,A股-上交所,2022-08-29,19.6,20.5,19.5,19.93,20.14,3225500,64551095.0,-1.0427,3.6622,1,0,none,baostock,query_history_k_data_plus
603286,SHSE.603286,,SH,A股-上交所,2022-08-30,19.95,20.25,19.2,19.54,19.93,4418600,85941342.47,-1.9568,5.0168,1,0,none,baostock,query_history_k_data_plus
603286,SHSE.603286,,SH,A股-上交所,2022-08-31,19.64,19.66,18.3,18.56,19.54,4209700,78724738.0,-5.0154,4.7796,1,0,none,baostock,query_history_k_data_plus
603286,SHSE.603286,,SH,A股-上交所,2022-09-01,18.74,18.87,18.26,18.37,18.56,2455000,45355750.0,-1.0237,2.7874,1,0,none,baostock,query_history_k_data_plus
603286,SHSE.603286,,SH,A股-上交所,2022-09-02,18.42,18.82,18.36,18.71,18.37,2148000,40116774.0,1.8508,2.4388,1,0,none,baostock,query_history_k_data_plus
603286,SHSE.603286,,SH,A股-上交所,2022-09-05,18.93,19.04,18.3,18.5,18.71,2192100,40950717.0,-1.1224,2.4889,1,0,none,baostock,query_history_k_data_plus
603286,SHSE.603286,,SH,A股-上交所,2022-09-06,18.49,19.0,18.42,18.96,18.5,2556000,48063435.0,2.4865,2.902,1,0,none,baostock,query_history_k_data_plus
603286,SHSE.603286,,SH,A股-上交所,2022-09-07,18.9,19.61,18.73,19.46,18.96,4572800,88724351.0,2.6371,5.1919,1,0,none,baostock,query_history_k_data_plus
603286,SHSE.603286,,SH,A股-上交所,2022-09-08,19.4,19.7,18.7,18.93,19.46,3795400,72493867.0,-2.7235,4.3092,1,0,none,baostock,query_history_k_data_plus
603286,SHSE.603286,,SH,A股-上交所,2022-09-09,18.78,18.89,18.15,18.43,18.93,2761400,50810029.0,-2.6413,3.1352,1,0,none,baostock,query_history_k_data_plus
603286,SHSE.603286,,SH,A股-上交所,2022-09-13,18.58,18.94,18.36,18.8,18.43,2306877,43035815.35,2.0076,2.6192,1,0,none,baostock,query_history_k_data_plus
603286,SHSE.603286,,SH,A股-上交所,2022-09-14,18.5,18.9,18.26,18.54,18.8,1844200,34081488.0,-1.383,2.0939,1,0,none,baostock,query_history_k_data_plus
603286,SHSE.603286,,SH,A股-上交所,2022-09-15,18.63,18.7,17.5,17.79,18.54,2975300,53161959.0,-4.0453,3.3781,1,0,none,baostock,query_history_k_data_plus
603286,SHSE.603286,,SH,A股-上交所,2022-09-16,17.73,17.92,17.32,17.32,17.79,1949200,34380680.0,-2.6419,2.2131,1,0,none,baostock,query_history_k_data_plus
603286,SHSE.603286,,SH,A股-上交所,2022-09-19,17.24,17.67,17.15,17.67,17.32,2261200,39413787.0,2.0208,2.5673,1,0,none,baostock,query_history_k_data_plus
603286,SHSE.603286,,SH,A股-上交所,2022-09-20,17.65,18.18,17.6,18.04,17.67,2767100,49741451.0,2.0939,3.1417,1,0,none,baostock,query_history_k_data_plus
603286,SHSE.603286,,SH,A股-上交所,2022-09-21,18.02,18.08,17.72,18.0,18.04,1717500,30738915.0,-0.2217,1.95,1,0,none,baostock,query_history_k_data_plus
603286,SHSE.603286,,SH,A股-上交所,2022-09-22,17.83,18.2,17.74,17.8,18.0,1831800,32938696.0,-1.1111,2.0798,1,0,none,baostock,query_history_k_data_plus
603286,SHSE.603286,,SH,A股-上交所,2022-09-23,18.0,18.0,17.02,17.03,17.8,2357700,40817914.0,-4.3258,2.6769,1,0,none,baostock,query_history_k_data_plus
603286,SHSE.603286,,SH,A股-上交所,2022-09-26,17.05,17.35,16.9,16.96,17.03,1665900,28481301.0,-0.411,1.8914,1,0,none,baostock,query_history_k_data_plus
603286,SHSE.603286,,SH,A股-上交所,2022-09-27,16.99,17.59,16.99,17.47,16.96,2266900,39291509.0,3.0071,2.5738,1,0,none,baostock,query_history_k_data_plus
603286,SHSE.603286,,SH,A股-上交所,2022-09-28,17.47,17.52,16.53,16.54,17.47,2434600,40898866.0,-5.3234,2.7642,1,0,none,baostock,query_history_k_data_plus
603286,SHSE.603286,,SH,A股-上交所,2022-09-29,16.7,16.87,16.4,16.61,16.54,1732100,28807419.0,0.4232,1.9666,1,0,none,baostock,query_history_k_data_plus
603286,SHSE.603286,,SH,A股-上交所,2022-09-30,16.59,16.65,15.99,16.02,16.61,1562700,25385194.0,-3.5521,1.7743,1,0,none,baostock,query_history_k_data_plus
603286,SHSE.603286,,SH,A股-上交所,2022-10-10,16.29,16.41,15.56,15.68,16.02,1675000,26659422.0,-2.1223,1.9018,1,0,none,baostock,query_history_k_data_plus
603286,SHSE.603286,,SH,A股-上交所,2022-10-11,15.74,15.92,15.57,15.8,15.68,1106200,17452114.0,0.7653,1.256,1,0,none,baostock,query_history_k_data_plus
603286,SHSE.603286,,SH,A股-上交所,2022-10-12,16.0,16.65,15.66,16.5,15.8,1838500,29593217.0,4.4304,2.0874,1,0,none,baostock,query_history_k_data_plus
603286,SHSE.603286,,SH,A股-上交所,2022-10-13,16.48,16.96,16.32,16.77,16.5,2043700,34153361.0,1.6364,2.3204,1,0,none,baostock,query_history_k_data_plus
603286,SHSE.603286,,SH,A股-上交所,2022-10-14,16.85,17.0,16.73,16.78,16.77,1568500,26442717.0,0.0596,1.7808,1,0,none,baostock,query_history_k_data_plus
603286,SHSE.603286,,SH,A股-上交所,2022-10-17,16.76,17.14,16.6,17.07,16.78,1853700,31255143.0,1.7282,2.1047,1,0,none,baostock,query_history_k_data_plus
603286,SHSE.603286,,SH,A股-上交所,2022-10-18,17.1,17.24,16.93,17.17,17.07,1677020,28686471.0,0.5858,1.9041,1,0,none,baostock,query_history_k_data_plus
603286,SHSE.603286,,SH,A股-上交所,2022-10-19,17.12,17.24,16.91,17.01,17.17,1667700,28455240.0,-0.9319,1.8935,1,0,none,baostock,query_history_k_data_plus
603286,SHSE.603286,,SH,A股-上交所,2022-10-20,16.95,17.14,16.52,16.85,17.01,2321400,39217526.0,-0.9406,2.6357,1,0,none,baostock,query_history_k_data_plus
603286,SHSE.603286,,SH,A股-上交所,2022-10-21,17.03,17.09,16.69,16.96,16.85,1584500,26853401.0,0.6528,1.799,1,0,none,baostock,query_history_k_data_plus
603286,SHSE.603286,,SH,A股-上交所,2022-10-24,17.15,17.38,16.65,16.73,16.96,2270433,38736809.0,-1.3561,2.5778,1,0,none,baostock,query_history_k_data_plus
603286,SHSE.603286,,SH,A股-上交所,2022-10-25,16.8,17.05,16.2,16.93,16.73,1984400,33047156.0,1.1955,2.2531,1,0,none,baostock,query_history_k_data_plus
603286,SHSE.603286,,SH,A股-上交所,2022-10-26,16.92,17.48,16.92,17.37,16.93,2735633,47253584.58,2.5989,3.106,1,0,none,baostock,query_history_k_data_plus
603286,SHSE.603286,,SH,A股-上交所,2022-10-27,17.36,17.62,16.8,16.8,17.37,2952200,50612441.0,-3.2815,3.3519,1,0,none,baostock,query_history_k_data_plus
603286,SHSE.603286,,SH,A股-上交所,2022-10-28,16.67,16.79,15.51,15.6,16.8,3213900,51573106.0,-7.1429,3.649,1,0,none,baostock,query_history_k_data_plus
603286,SHSE.603286,,SH,A股-上交所,2022-10-31,15.6,16.31,15.52,16.02,15.6,2139400,34392988.0,2.6923,2.429,1,0,none,baostock,query_history_k_data_plus
603286,SHSE.603286,,SH,A股-上交所,2022-11-01,16.12,16.52,16.0,16.38,16.02,2375000,38719937.0,2.2472,2.6965,1,0,none,baostock,query_history_k_data_plus
603286,SHSE.603286,,SH,A股-上交所,2022-11-02,16.43,16.77,16.3,16.55,16.38,2411400,39995738.8,1.0379,2.7379,1,0,none,baostock,query_history_k_data_plus
603286,SHSE.603286,,SH,A股-上交所,2022-11-03,16.55,16.82,16.41,16.69,16.55,1961753,32685444.72,0.8459,2.2273,1,0,none,baostock,query_history_k_data_plus
603286,SHSE.603286,,SH,A股-上交所,2022-11-04,16.88,17.18,16.75,17.1,16.69,2631632,44836459.56,2.4566,2.9879,1,0,none,baostock,query_history_k_data_plus
603286,SHSE.603286,,SH,A股-上交所,2022-11-07,17.14,17.35,17.02,17.21,17.1,1671800,28694670.0,0.6433,1.8981,1,0,none,baostock,query_history_k_data_plus
603286,SHSE.603286,,SH,A股-上交所,2022-11-08,17.33,17.34,16.97,17.16,17.21,1257900,21503843.0,-0.2905,1.4282,1,0,none,baostock,query_history_k_data_plus
603286,SHSE.603286,,SH,A股-上交所,2022-11-09,17.16,17.26,17.01,17.18,17.16,1100400,18886959.0,0.1166,1.2494,1,0,none,baostock,query_history_k_data_plus
603286,SHSE.603286,,SH,A股-上交所,2022-11-10,17.18,17.66,17.1,17.13,17.18,2027556,35028361.36,-0.291,2.3021,1,0,none,baostock,query_history_k_data_plus
603286,SHSE.603286,,SH,A股-上交所,2022-11-11,17.4,17.5,16.96,17.0,17.13,2076300,35700519.0,-0.7589,2.3574,1,0,none,baostock,query_history_k_data_plus
603286,SHSE.603286,,SH,A股-上交所,2022-11-14,17.0,17.4,16.73,17.05,17.0,1627300,27860249.0,0.2941,1.8476,1,0,none,baostock,query_history_k_data_plus
603286,SHSE.603286,,SH,A股-上交所,2022-11-15,16.78,17.56,16.78,17.53,17.05,2445700,42465661.0,2.8152,2.7768,1,0,none,baostock,query_history_k_data_plus
603286,SHSE.603286,,SH,A股-上交所,2022-11-16,17.53,17.91,17.38,17.5,17.53,1738000,30526159.0,-0.1711,1.9733,1,0,none,baostock,query_history_k_data_plus
603286,SHSE.603286,,SH,A股-上交所,2022-11-17,17.51,17.51,17.1,17.5,17.5,2090700,36124335.0,0.0,2.3737,1,0,none,baostock,query_history_k_data_plus
603286,SHSE.603286,,SH,A股-上交所,2022-11-18,17.52,18.34,17.31,17.96,17.5,4868800,86896485.0,2.6286,5.528,1,0,none,baostock,query_history_k_data_plus
603286,SHSE.603286,,SH,A股-上交所,2022-11-21,18.65,19.76,18.51,19.76,17.96,11600401,221618623.76,10.0223,13.1709,1,0,none,baostock,query_history_k_data_plus
603286,SHSE.603286,,SH,A股-上交所,2022-11-22,19.8,20.95,18.6,18.6,19.76,17186510,338081209.07,-5.8704,19.5133,1,0,none,baostock,query_history_k_data_plus
603286,SHSE.603286,,SH,A股-上交所,2022-11-23,18.79,18.88,17.6,18.28,18.6,9424893,170247421.04,-1.7204,10.7009,1,0,none,baostock,query_history_k_data_plus
603286,SHSE.603286,,SH,A股-上交所,2022-11-24,18.0,18.18,17.67,17.88,18.28,6743805,120584882.32,-2.1882,7.6568,1,0,none,baostock,query_history_k_data_plus
603286,SHSE.603286,,SH,A股-上交所,2022-11-25,17.8,17.85,17.28,17.31,17.88,5051277,88075122.56,-3.1879,5.7351,1,0,none,baostock,query_history_k_data_plus
603286,SHSE.603286,,SH,A股-上交所,2022-11-28,16.79,17.01,16.64,16.84,17.31,3937815,66082419.5,-2.7152,4.4709,1,0,none,baostock,query_history_k_data_plus
603286,SHSE.603286,,SH,A股-上交所,2022-11-29,16.85,16.95,16.6,16.92,16.84,3432500,57721241.0,0.4751,3.8972,1,0,none,baostock,query_history_k_data_plus
603286,SHSE.603286,,SH,A股-上交所,2022-11-30,16.92,17.21,16.68,17.13,16.92,3840177,65292927.52,1.2411,4.3601,1,0,none,baostock,query_history_k_data_plus
603286,SHSE.603286,,SH,A股-上交所,2022-12-01,17.5,17.5,17.0,17.05,17.13,3045677,52200430.24,-0.467,3.458,1,0,none,baostock,query_history_k_data_plus
603286,SHSE.603286,,SH,A股-上交所,2022-12-02,16.96,17.38,16.86,17.38,17.05,3223300,55344331.0,1.9355,3.6597,1,0,none,baostock,query_history_k_data_plus
603286,SHSE.603286,,SH,A股-上交所,2022-12-05,17.3,17.48,17.21,17.4,17.38,2544564,44109902.37,0.1151,2.8891,1,0,none,baostock,query_history_k_data_plus
603286,SHSE.603286,,SH,A股-上交所,2022-12-06,17.4,17.45,17.1,17.25,17.4,2633537,45304754.6,-0.8621,2.9901,1,0,none,baostock,query_history_k_data_plus
603286,SHSE.603286,,SH,A股-上交所,2022-12-07,17.26,17.37,17.06,17.11,17.25,2391900,41167829.0,-0.8116,2.7157,1,0,none,baostock,query_history_k_data_plus
603286,SHSE.603286,,SH,A股-上交所,2022-12-08,17.1,17.16,16.72,17.1,17.11,2254844,38255463.52,-0.0584,2.5601,1,0,none,baostock,query_history_k_data_plus
603286,SHSE.603286,,SH,A股-上交所,2022-12-09,17.1,17.13,16.74,16.77,17.1,2389044,40416766.33,-1.9298,2.7125,1,0,none,baostock,query_history_k_data_plus
603286,SHSE.603286,,SH,A股-上交所,2022-12-12,16.77,16.88,16.6,16.77,16.77,1633100,27301299.0,0.0,1.8542,1,0,none,baostock,query_history_k_data_plus
603286,SHSE.603286,,SH,A股-上交所,2022-12-13,16.7,16.84,16.37,16.44,16.77,1901200,31532151.0,-1.9678,2.1586,1,0,none,baostock,query_history_k_data_plus
603286,SHSE.603286,,SH,A股-上交所,2022-12-14,16.47,16.87,16.38,16.41,16.44,1542700,25631346.0,-0.1825,1.7516,1,0,none,baostock,query_history_k_data_plus
603286,SHSE.603286,,SH,A股-上交所,2022-12-15,16.41,16.83,16.34,16.74,16.41,1937935,32300036.25,2.011,2.2003,1,0,none,baostock,query_history_k_data_plus
603286,SHSE.603286,,SH,A股-上交所,2022-12-16,16.6,16.88,16.12,16.17,16.74,2384500,38934683.0,-3.405,2.7073,1,0,none,baostock,query_history_k_data_plus
603286,SHSE.603286,,SH,A股-上交所,2022-12-19,16.17,16.19,15.71,15.79,16.17,1630660,25931460.0,-2.35,1.8514,1,0,none,baostock,query_history_k_data_plus
603286,SHSE.603286,,SH,A股-上交所,2022-12-20,15.84,16.25,15.65,16.16,15.79,1873200,29988132.0,2.3433,2.1268,1,0,none,baostock,query_history_k_data_plus
603286,SHSE.603286,,SH,A股-上交所,2022-12-21,16.17,16.24,15.68,15.79,16.16,1403800,22254340.0,-2.2896,1.5939,1,0,none,baostock,query_history_k_data_plus
603286,SHSE.603286,,SH,A股-上交所,2022-12-22,15.79,15.88,15.25,15.35,15.79,1414007,21959707.41,-2.7866,1.6054,1,0,none,baostock,query_history_k_data_plus
603286,SHSE.603286,,SH,A股-上交所,2022-12-23,15.4,15.51,15.12,15.45,15.35,1187035,18240281.4,0.6515,1.3477,1,0,none,baostock,query_history_k_data_plus
603286,SHSE.603286,,SH,A股-上交所,2022-12-26,15.41,15.76,15.41,15.75,15.45,1015215,15936529.65,1.9417,1.1527,1,0,none,baostock,query_history_k_data_plus
603286,SHSE.603286,,SH,A股-上交所,2022-12-27,15.81,15.92,15.47,15.8,15.75,1044200,16389090.0,0.3175,1.1856,1,0,none,baostock,query_history_k_data_plus
603286,SHSE.603286,,SH,A股-上交所,2022-12-28,15.8,15.8,15.4,15.64,15.8,1145405,17833270.25,-1.0127,1.3005,1,0,none,baostock,query_history_k_data_plus
603286,SHSE.603286,,SH,A股-上交所,2022-12-29,15.63,15.7,15.31,15.4,15.64,1116460,17290729.0,-1.5345,1.2676,1,0,none,baostock,query_history_k_data_plus
603286,SHSE.603286,,SH,A股-上交所,2022-12-30,15.36,15.53,15.21,15.4,15.4,1111060,17067265.93,0.0,1.2615,1,0,none,baostock,query_history_k_data_plus
603286,SHSE.603286,,SH,A股-上交所,2023-01-03,15.39,15.86,15.31,15.79,15.4,1550300,24354500.0,2.5325,1.7602,1,0,none,baostock,query_history_k_data_plus
603286,SHSE.603286,,SH,A股-上交所,2023-01-04,15.8,16.0,15.7,15.92,15.79,1247300,19794380.0,0.8233,1.4162,1,0,none,baostock,query_history_k_data_plus
603286,SHSE.603286,,SH,A股-上交所,2023-01-05,15.9,16.08,15.79,16.06,15.92,1265400,20235028.0,0.8794,1.4367,1,0,none,baostock,query_history_k_data_plus
603286,SHSE.603286,,SH,A股-上交所,2023-01-06,16.1,16.41,16.0,16.17,16.06,2038700,33131770.0,0.6849,2.3147,1,0,none,baostock,query_history_k_data_plus
603286,SHSE.603286,,SH,A股-上交所,2023-01-09,16.16,16.92,16.16,16.89,16.17,4560339,75786352.01,4.4527,5.1777,1,0,none,baostock,query_history_k_data_plus
603286,SHSE.603286,,SH,A股-上交所,2023-01-10,17.14,17.4,16.47,16.9,16.89,4270460,71822838.8,0.0592,4.8486,1,0,none,baostock,query_history_k_data_plus
603286,SHSE.603286,,SH,A股-上交所,2023-01-11,16.83,16.98,16.53,16.58,16.9,2833600,47452935.0,-1.8935,3.2172,1,0,none,baostock,query_history_k_data_plus
603286,SHSE.603286,,SH,A股-上交所,2023-01-12,16.72,17.0,16.0,16.68,16.58,2075500,34751687.0,0.6031,2.3565,1,0,none,baostock,query_history_k_data_plus
603286,SHSE.603286,,SH,A股-上交所,2023-01-13,16.78,16.87,16.52,16.57,16.68,1528505,25463859.0,-0.6595,1.7354,1,0,none,baostock,query_history_k_data_plus
603286,SHSE.603286,,SH,A股-上交所,2023-01-16,16.65,16.74,16.52,16.64,16.57,1329400,22122141.0,0.4225,1.5094,1,0,none,baostock,query_history_k_data_plus
603286,SHSE.603286,,SH,A股-上交所,2023-01-17,16.64,16.75,16.58,16.69,16.64,1103100,18382339.0,0.3005,1.2524,1,0,none,baostock,query_history_k_data_plus
603286,SHSE.603286,,SH,A股-上交所,2023-01-18,16.84,16.84,16.65,16.81,16.69,1232300,20666614.0,0.719,1.3991,1,0,none,baostock,query_history_k_data_plus
603286,SHSE.603286,,SH,A股-上交所,2023-01-19,16.89,16.97,16.7,16.82,16.81,1006000,16903016.0,0.0595,1.1422,1,0,none,baostock,query_history_k_data_plus
603286,SHSE.603286,,SH,A股-上交所,2023-01-20,16.86,16.91,16.73,16.85,16.82,1155000,19440846.0,0.1784,1.3114,1,0,none,baostock,query_history_k_data_plus
603286,SHSE.603286,,SH,A股-上交所,2023-01-30,17.02,17.4,17.02,17.2,16.85,2687200,46364041.0,2.0772,3.051,1,0,none,baostock,query_history_k_data_plus
603286,SHSE.603286,,SH,A股-上交所,2023-01-31,17.16,17.33,17.08,17.28,17.2,2116300,36393976.0,0.4651,2.4028,1,0,none,baostock,query_history_k_data_plus
603286,SHSE.603286,,SH,A股-上交所,2023-02-01,17.33,17.49,17.22,17.48,17.28,2295300,39844863.0,1.1574,2.606,1,0,none,baostock,query_history_k_data_plus
603286,SHSE.603286,,SH,A股-上交所,2023-02-02,17.56,17.65,17.35,17.53,17.48,2047777,35883095.04,0.286,2.325,1,0,none,baostock,query_history_k_data_plus
603286,SHSE.603286,,SH,A股-上交所,2023-02-03,17.53,17.7,17.17,17.52,17.53,1863700,32462090.0,-0.057,2.116,1,0,none,baostock,query_history_k_data_plus
603286,SHSE.603286,,SH,A股-上交所,2023-02-06,17.56,17.69,17.37,17.62,17.52,1646600,28970464.0,0.5708,1.8695,1,0,none,baostock,query_history_k_data_plus
603286,SHSE.603286,,SH,A股-上交所,2023-02-07,17.6,17.85,17.44,17.8,17.62,1773215,31422998.15,1.0216,2.0133,1,0,none,baostock,query_history_k_data_plus
603286,SHSE.603286,,SH,A股-上交所,2023-02-08,17.88,18.03,17.7,17.88,17.8,1927700,34455775.0,0.4494,2.1887,1,0,none,baostock,query_history_k_data_plus
603286,SHSE.603286,,SH,A股-上交所,2023-02-09,17.87,18.2,17.77,18.16,17.88,2403000,43331612.0,1.566,2.7283,1,0,none,baostock,query_history_k_data_plus
603286,SHSE.603286,,SH,A股-上交所,2023-02-10,18.05,18.27,17.97,18.17,18.16,1962100,35528007.0,0.0551,2.2277,1,0,none,baostock,query_history_k_data_plus
603286,SHSE.603286,,SH,A股-上交所,2023-02-13,18.17,18.25,18.0,18.15,18.17,1422300,25745009.0,-0.1101,1.6149,1,0,none,baostock,query_history_k_data_plus
603286,SHSE.603286,,SH,A股-上交所,2023-02-14,18.14,18.22,17.98,18.03,18.15,1375700,24914043.0,-0.6612,1.5619,1,0,none,baostock,query_history_k_data_plus
603286,SHSE.603286,,SH,A股-上交所,2023-02-15,18.08,18.8,18.06,18.33,18.03,3750000,69114784.0,1.6639,4.2577,1,0,none,baostock,query_history_k_data_plus
603286,SHSE.603286,,SH,A股-上交所,2023-02-16,18.44,18.45,17.4,17.63,18.33,3232600,57981158.0,-3.8189,3.6702,1,0,none,baostock,query_history_k_data_plus
603286,SHSE.603286,,SH,A股-上交所,2023-02-17,17.87,18.45,17.67,17.78,17.63,3684700,66344566.0,0.8508,4.1835,1,0,none,baostock,query_history_k_data_plus
603286,SHSE.603286,,SH,A股-上交所,2023-02-20,17.88,17.99,17.43,17.71,17.78,2580880,45512463.0,-0.3937,2.9303,1,0,none,baostock,query_history_k_data_plus
603286,SHSE.603286,,SH,A股-上交所,2023-02-21,17.6,18.02,17.56,17.74,17.71,1745000,31133282.0,0.1694,1.9812,1,0,none,baostock,query_history_k_data_plus
603286,SHSE.603286,,SH,A股-上交所,2023-02-22,17.94,18.3,17.74,18.02,17.74,2945400,53078611.0,1.5784,3.3442,1,0,none,baostock,query_history_k_data_plus
603286,SHSE.603286,,SH,A股-上交所,2023-02-23,17.85,18.25,17.8,17.91,18.02,2169700,39131143.0,-0.6104,2.4634,1,0,none,baostock,query_history_k_data_plus
603286,SHSE.603286,,SH,A股-上交所,2023-02-24,17.97,17.99,17.65,17.86,17.91,1499858,26753167.68,-0.2792,1.7029,1,0,none,baostock,query_history_k_data_plus
603286,SHSE.603286,,SH,A股-上交所,2023-02-27,17.85,17.95,17.55,17.55,17.86,1536600,27194134.0,-1.7357,1.7446,1,0,none,baostock,query_history_k_data_plus
603286,SHSE.603286,,SH,A股-上交所,2023-02-28,17.53,17.85,17.48,17.7,17.55,1331900,23503471.0,0.8547,1.5122,1,0,none,baostock,query_history_k_data_plus
603286,SHSE.603286,,SH,A股-上交所,2023-03-01,17.76,18.13,17.52,18.09,17.7,2068100,36871358.0,2.2034,2.3481,1,0,none,baostock,query_history_k_data_plus
603286,SHSE.603286,,SH,A股-上交所,2023-03-02,17.98,18.22,17.82,17.9,18.09,1349500,24289300.0,-1.0503,1.5322,1,0,none,baostock,query_history_k_data_plus
603286,SHSE.603286,,SH,A股-上交所,2023-03-03,17.81,17.96,17.53,17.59,17.9,1631900,28828990.0,-1.7318,1.8528,1,0,none,baostock,query_history_k_data_plus
603286,SHSE.603286,,SH,A股-上交所,2023-03-06,17.65,17.7,17.36,17.46,17.59,1327116,23206227.08,-0.7391,1.5068,1,0,none,baostock,query_history_k_data_plus
603286,SHSE.603286,,SH,A股-上交所,2023-03-07,17.47,17.5,17.0,17.07,17.46,1413300,24311590.0,-2.2337,1.6046,1,0,none,baostock,query_history_k_data_plus
603286,SHSE.603286,,SH,A股-上交所,2023-03-08,17.01,17.8,16.96,17.52,17.07,2528926,44053034.34,2.6362,2.8713,1,0,none,baostock,query_history_k_data_plus
603286,SHSE.603286,,SH,A股-上交所,2023-03-09,17.62,17.73,17.3,17.67,17.52,1764626,31002488.18,0.8562,2.0035,1,0,none,baostock,query_history_k_data_plus
603286,SHSE.603286,,SH,A股-上交所,2023-03-10,17.67,17.8,17.26,17.47,17.67,2153200,37761336.0,-1.1319,2.4447,1,0,none,baostock,query_history_k_data_plus
603286,SHSE.603286,,SH,A股-上交所,2023-03-13,17.4,17.44,16.88,17.13,17.47,1531400,26182654.0,-1.9462,1.7387,1,0,none,baostock,query_history_k_data_plus
603286,SHSE.603286,,SH,A股-上交所,2023-03-14,17.01,17.22,16.48,16.66,17.13,1423200,23783703.0,-2.7437,1.6159,1,0,none,baostock,query_history_k_data_plus
603286,SHSE.603286,,SH,A股-上交所,2023-03-15,16.73,16.9,16.68,16.77,16.66,971800,16326662.0,0.6603,1.1034,1,0,none,baostock,query_history_k_data_plus
603286,SHSE.603286,,SH,A股-上交所,2023-03-16,16.65,16.8,16.4,16.57,16.77,1075400,17853738.0,-1.1926,1.221,1,0,none,baostock,query_history_k_data_plus
603286,SHSE.603286,,SH,A股-上交所,2023-03-17,16.57,16.71,16.44,16.44,16.57,1243015,20610139.4,-0.7846,1.4113,1,0,none,baostock,query_history_k_data_plus
603286,SHSE.603286,,SH,A股-上交所,2023-03-20,16.46,16.58,16.08,16.35,16.44,1367500,22288052.0,-0.5474,1.5526,1,0,none,baostock,query_history_k_data_plus
603286,SHSE.603286,,SH,A股-上交所,2023-03-21,16.36,16.75,16.21,16.75,16.35,1409015,23415549.1,2.4465,1.5998,1,0,none,baostock,query_history_k_data_plus
603286,SHSE.603286,,SH,A股-上交所,2023-03-22,16.7,17.23,16.7,17.2,16.75,1764800,30113891.0,2.6866,2.0037,1,0,none,baostock,query_history_k_data_plus
603286,SHSE.603286,,SH,A股-上交所,2023-03-23,17.32,17.32,16.91,17.03,17.2,1382615,23553832.9,-0.9884,1.5698,1,0,none,baostock,query_history_k_data_plus
603286,SHSE.603286,,SH,A股-上交所,2023-03-24,17.03,17.3,16.96,17.05,17.03,1501300,25664609.0,0.1174,1.7046,1,0,none,baostock,query_history_k_data_plus
603286,SHSE.603286,,SH,A股-上交所,2023-03-27,16.98,17.23,16.83,16.92,17.05,1011600,17156236.0,-0.7625,1.1486,1,0,none,baostock,query_history_k_data_plus
603286,SHSE.603286,,SH,A股-上交所,2023-03-28,16.92,17.01,16.71,16.77,16.92,1034300,17407217.0,-0.8865,1.1743,1,0,none,baostock,query_history_k_data_plus
603286,SHSE.603286,,SH,A股-上交所,2023-03-29,16.77,16.94,16.57,16.62,16.77,851300,14259008.0,-0.8945,0.9666,1,0,none,baostock,query_history_k_data_plus
603286,SHSE.603286,,SH,A股-上交所,2023-03-30,16.62,16.78,16.43,16.45,16.62,983400,16276408.0,-1.0229,1.1165,1,0,none,baostock,query_history_k_data_plus
603286,SHSE.603286,,SH,A股-上交所,2023-03-31,16.45,16.76,16.4,16.66,16.45,800100,13296461.0,1.2766,0.9084,1,0,none,baostock,query_history_k_data_plus
603286,SHSE.603286,,SH,A股-上交所,2023-04-03,16.82,16.82,16.52,16.69,16.66,1000500,16635403.0,0.1801,1.136,1,0,none,baostock,query_history_k_data_plus
603286,SHSE.603286,,SH,A股-上交所,2023-04-04,16.69,16.75,16.08,16.2,16.69,1492100,24295393.0,-2.9359,1.6941,1,0,none,baostock,query_history_k_data_plus
603286,SHSE.603286,,SH,A股-上交所,2023-04-06,16.18,16.18,15.89,16.04,16.2,1159300,18506635.0,-0.9877,1.3162,1,0,none,baostock,query_history_k_data_plus
603286,SHSE.603286,,SH,A股-上交所,2023-04-07,16.08,16.23,16.0,16.17,16.04,922900,14865035.0,0.8105,1.0478,1,0,none,baostock,query_history_k_data_plus
603286,SHSE.603286,,SH,A股-上交所,2023-04-10,16.25,16.26,15.61,15.72,16.17,1379500,21866829.0,-2.7829,1.5663,1,0,none,baostock,query_history_k_data_plus
603286,SHSE.603286,,SH,A股-上交所,2023-04-11,15.72,15.88,15.47,15.66,15.72,1074900,16767122.0,-0.3817,1.2204,1,0,none,baostock,query_history_k_data_plus
603286,SHSE.603286,,SH,A股-上交所,2023-04-12,15.68,15.87,15.67,15.85,15.66,761810,12038710.2,1.2133,0.8649,1,0,none,baostock,query_history_k_data_plus
603286,SHSE.603286,,SH,A股-上交所,2023-04-13,15.98,15.98,15.57,15.63,15.85,883800,13862391.0,-1.388,1.0035,1,0,none,baostock,query_history_k_data_plus
603286,SHSE.603286,,SH,A股-上交所,2023-04-14,15.62,15.76,15.49,15.7,15.63,687700,10750902.0,0.4479,0.7808,1,0,none,baostock,query_history_k_data_plus
603286,SHSE.603286,,SH,A股-上交所,2023-04-17,15.7,15.8,15.53,15.64,15.7,943000,14772271.0,-0.3822,1.0707,1,0,none,baostock,query_history_k_data_plus
603286,SHSE.603286,,SH,A股-上交所,2023-04-18,15.65,15.66,15.38,15.48,15.64,774500,11992147.0,-1.023,0.8794,1,0,none,baostock,query_history_k_data_plus
603286,SHSE.603286,,SH,A股-上交所,2023-04-19,15.55,15.57,15.3,15.32,15.48,849300,13080254.0,-1.0336,0.9643,1,0,none,baostock,query_history_k_data_plus
603286,SHSE.603286,,SH,A股-上交所,2023-04-20,15.32,15.32,14.95,15.14,15.32,907400,13704205.0,-1.1749,1.0302,1,0,none,baostock,query_history_k_data_plus
603286,SHSE.603286,,SH,A股-上交所,2023-04-21,15.12,15.25,14.75,14.79,15.14,1083700,16174220.0,-2.3118,1.2304,1,0,none,baostock,query_history_k_data_plus
603286,SHSE.603286,,SH,A股-上交所,2023-04-24,14.58,14.94,14.5,14.8,14.79,1105600,16284864.0,0.0676,1.2553,1,0,none,baostock,query_history_k_data_plus
603286,SHSE.603286,,SH,A股-上交所,2023-04-25,14.9,15.0,14.14,14.39,14.8,1031900,14879023.0,-2.7703,1.1716,1,0,none,baostock,query_history_k_data_plus
603286,SHSE.603286,,SH,A股-上交所,2023-04-26,14.36,14.86,14.35,14.71,14.39,1014700,14945527.0,2.2238,1.1521,1,0,none,baostock,query_history_k_data_plus
603286,SHSE.603286,,SH,A股-上交所,2023-04-27,14.43,15.05,14.43,14.82,14.71,789500,11751273.0,0.7478,0.8964,1,0,none,baostock,query_history_k_data_plus
603286,SHSE.603286,,SH,A股-上交所,2023-04-28,15.0,15.52,14.9,15.38,14.82,1419400,21752577.0,3.7787,1.6116,1,0,none,baostock,query_history_k_data_plus
603286,SHSE.603286,,SH,A股-上交所,2023-05-04,15.35,15.88,15.33,15.77,15.38,1619600,25398534.0,2.5358,1.8389,1,0,none,baostock,query_history_k_data_plus
603286,SHSE.603286,,SH,A股-上交所,2023-05-05,15.78,15.85,15.6,15.76,15.77,1151699,18095555.37,-0.0634,1.3076,1,0,none,baostock,query_history_k_data_plus
603286,SHSE.603286,,SH,A股-上交所,2023-05-08,15.84,15.99,15.56,15.73,15.76,1533900,24224658.0,-0.1904,1.7416,1,0,none,baostock,query_history_k_data_plus
603286,SHSE.603286,,SH,A股-上交所,2023-05-09,15.78,15.8,15.47,15.5,15.73,1254100,19531815.0,-1.4622,1.4239,1,0,none,baostock,query_history_k_data_plus
603286,SHSE.603286,,SH,A股-上交所,2023-05-10,15.5,15.82,15.38,15.67,15.5,1077515,16817755.85,1.0968,1.2234,1,0,none,baostock,query_history_k_data_plus
603286,SHSE.603286,,SH,A股-上交所,2023-05-11,15.79,15.94,15.66,15.9,15.67,656800,10401571.0,1.4678,0.7457,1,0,none,baostock,query_history_k_data_plus
603286,SHSE.603286,,SH,A股-上交所,2023-05-12,15.87,16.03,15.77,15.83,15.9,790500,12577120.0,-0.4403,0.8975,1,0,none,baostock,query_history_k_data_plus
603286,SHSE.603286,,SH,A股-上交所,2023-05-15,15.83,16.04,15.81,16.0,15.83,685500,10924655.0,1.0739,0.7783,1,0,none,baostock,query_history_k_data_plus
603286,SHSE.603286,,SH,A股-上交所,2023-05-16,16.06,16.06,15.8,15.86,16.0,600200,9545815.0,-0.875,0.6815,1,0,none,baostock,query_history_k_data_plus
603286,SHSE.603286,,SH,A股-上交所,2023-05-17,15.86,16.28,15.72,16.28,15.86,983000,15796391.0,2.6482,1.1161,1,0,none,baostock,query_history_k_data_plus
603286,SHSE.603286,,SH,A股-上交所,2023-05-18,16.28,16.42,16.12,16.33,16.28,1225600,19950696.0,0.3071,1.3915,1,0,none,baostock,query_history_k_data_plus
603286,SHSE.603286,,SH,A股-上交所,2023-05-19,16.38,16.38,16.15,16.22,16.33,632500,10273318.0,-0.6736,0.7181,1,0,none,baostock,query_history_k_data_plus
603286,SHSE.603286,,SH,A股-上交所,2023-05-22,16.22,16.58,16.12,16.53,16.22,1481600,24224187.0,1.9112,1.6822,1,0,none,baostock,query_history_k_data_plus
603286,SHSE.603286,,SH,A股-上交所,2023-05-23,16.49,16.93,16.41,16.74,16.53,2203200,36829122.0,1.2704,2.5015,1,0,none,baostock,query_history_k_data_plus
603286,SHSE.603286,,SH,A股-上交所,2023-05-24,16.6,16.9,16.47,16.64,16.74,1519000,25336830.0,-0.5974,1.7246,1,0,none,baostock,query_history_k_data_plus
603286,SHSE.603286,,SH,A股-上交所,2023-05-25,16.6,16.79,16.5,16.71,16.64,1639200,27289871.0,0.4207,1.8611,1,0,none,baostock,query_history_k_data_plus
603286,SHSE.603286,,SH,A股-上交所,2023-05-26,16.63,17.13,16.5,17.07,16.71,2088800,35305974.0,2.1544,2.3716,1,0,none,baostock,query_history_k_data_plus
603286,SHSE.603286,,SH,A股-上交所,2023-05-29,17.0,17.29,16.66,16.71,17.07,1350295,22703983.4,-2.109,1.5331,1,0,none,baostock,query_history_k_data_plus
603286,SHSE.603286,,SH,A股-上交所,2023-05-30,16.68,17.15,16.68,16.91,16.71,1715200,28968191.0,1.1969,1.9474,1,0,none,baostock,query_history_k_data_plus
603286,SHSE.603286,,SH,A股-上交所,2023-05-31,16.99,16.99,16.67,16.87,16.91,1400701,23617559.89,-0.2365,1.5903,1,0,none,baostock,query_history_k_data_plus
603286,SHSE.603286,,SH,A股-上交所,2023-06-01,16.82,17.06,16.76,16.79,16.87,1357401,22986274.84,-0.4742,1.5412,1,0,none,baostock,query_history_k_data_plus
603286,SHSE.603286,,SH,A股-上交所,2023-06-02,16.89,17.12,16.71,17.02,16.79,1529200,25937031.0,1.3699,1.7362,1,0,none,baostock,query_history_k_data_plus
603286,SHSE.603286,,SH,A股-上交所,2023-06-05,16.85,17.39,16.85,17.28,17.02,1245200,21405964.0,1.5276,1.4138,1,0,none,baostock,query_history_k_data_plus
603286,SHSE.603286,,SH,A股-上交所,2023-06-06,17.4,17.42,16.75,16.82,17.28,1578000,26749258.0,-2.662,1.7916,1,0,none,baostock,query_history_k_data_plus
603286,SHSE.603286,,SH,A股-上交所,2023-06-07,16.85,17.2,16.56,16.95,16.82,1696500,28659890.0,0.7729,1.9262,1,0,none,baostock,query_history_k_data_plus
603286,SHSE.603286,,SH,A股-上交所,2023-06-08,17.1,17.1,16.71,16.8,16.95,865400,14585776.0,-0.885,0.9826,1,0,none,baostock,query_history_k_data_plus
603286,SHSE.603286,,SH,A股-上交所,2023-06-09,16.95,16.99,16.64,16.82,16.8,794100,13349663.0,0.119,0.9016,1,0,none,baostock,query_history_k_data_plus
603286,SHSE.603286,,SH,A股-上交所,2023-06-12,16.82,18.5,16.57,18.5,16.82,11008787,198077425.07,9.9881,12.4992,1,0,none,baostock,query_history_k_data_plus
603286,SHSE.603286,,SH,A股-上交所,2023-06-13,18.5,18.66,17.78,17.92,18.5,13258511,238961678.12,-3.1351,15.0535,1,0,none,baostock,query_history_k_data_plus
603286,SHSE.603286,,SH,A股-上交所,2023-06-14,17.92,18.35,17.5,18.05,17.92,10071500,180538191.56,0.7254,11.435,1,0,none,baostock,query_history_k_data_plus
603286,SHSE.603286,,SH,A股-上交所,2023-06-15,17.81,18.2,17.5,17.73,18.05,6792500,121097399.0,-1.7729,7.7121,1,0,none,baostock,query_history_k_data_plus
603286,SHSE.603286,,SH,A股-上交所,2023-06-16,17.78,17.78,17.14,17.18,17.73,6785103,117417497.27,-3.1021,7.7037,1,0,none,baostock,query_history_k_data_plus
603286,SHSE.603286,,SH,A股-上交所,2023-06-19,17.1,18.9,17.05,18.9,17.18,6151700,114512456.0,10.0116,6.9845,1,0,none,baostock,query_history_k_data_plus
603286,SHSE.603286,,SH,A股-上交所,2023-06-20,19.56,20.34,19.0,19.03,18.9,21818363,426437419.37,0.6878,24.7722,1,0,none,baostock,query_history_k_data_plus
603286,SHSE.603286,,SH,A股-上交所,2023-06-21,18.74,20.9,18.55,20.05,19.03,19575167,388049848.48,5.36,22.2253,1,0,none,baostock,query_history_k_data_plus
603286,SHSE.603286,,SH,A股-上交所,2023-06-26,19.14,19.93,18.57,18.57,20.05,12050583,231090392.85,-7.3815,13.682,1,0,none,baostock,query_history_k_data_plus
603286,SHSE.603286,,SH,A股-上交所,2023-06-27,18.9,19.0,17.72,18.57,18.57,7953587,144954294.64,0.0,9.0304,1,0,none,baostock,query_history_k_data_plus
603286,SHSE.603286,,SH,A股-上交所,2023-06-28,18.25,18.6,17.8,18.58,18.57,6875083,125231345.75,0.0539,7.8059,1,0,none,baostock,query_history_k_data_plus
603286,SHSE.603286,,SH,A股-上交所,2023-06-29,18.4,20.44,18.3,20.44,18.58,5577004,111137131.76,10.0108,6.332,1,0,none,baostock,query_history_k_data_plus
603286,SHSE.603286,,SH,A股-上交所,2023-06-30,21.22,21.77,19.7,19.75,20.44,16017791,325703609.78,-3.3757,18.1863,1,0,none,baostock,query_history_k_data_plus
603286,SHSE.603286,,SH,A股-上交所,2023-07-03,20.14,20.23,19.51,19.57,19.75,8860100,175224621.0,-0.9114,10.0596,1,0,none,baostock,query_history_k_data_plus
603286,SHSE.603286,,SH,A股-上交所,2023-07-04,19.62,20.89,19.62,20.23,19.57,12595520,254373714.32,3.3725,14.3007,1,0,none,baostock,query_history_k_data_plus
603286,SHSE.603286,,SH,A股-上交所,2023-07-05,19.9,20.28,19.16,20.28,20.23,8521120,168650667.2,0.2472,9.6747,1,0,none,baostock,query_history_k_data_plus
603286,SHSE.603286,,SH,A股-上交所,2023-07-06,19.88,20.78,19.71,20.04,20.28,8336400,167371296.0,-1.1834,9.465,1,0,none,baostock,query_history_k_data_plus
603286,SHSE.603286,,SH,A股-上交所,2023-07-07,20.0,20.4,19.45,19.48,20.04,6417200,126653242.0,-2.7944,7.286,1,0,none,baostock,query_history_k_data_plus
603286,SHSE.603286,,SH,A股-上交所,2023-07-10,19.63,20.08,19.15,19.71,19.48,5517900,107868835.0,1.1807,6.2649,1,0,none,baostock,query_history_k_data_plus
603286,SHSE.603286,,SH,A股-上交所,2023-07-11,19.4,19.9,19.05,19.87,19.71,6059300,118559847.98,0.8118,6.8796,1,0,none,baostock,query_history_k_data_plus
603286,SHSE.603286,,SH,A股-上交所,2023-07-12,19.7,20.88,19.51,20.11,19.87,12755920,260209867.2,1.2079,14.4829,1,0,none,baostock,query_history_k_data_plus
603286,SHSE.603286,,SH,A股-上交所,2023-07-13,19.68,19.95,19.35,19.56,20.11,7766600,151925212.0,-2.735,8.8181,1,0,none,baostock,query_history_k_data_plus
603286,SHSE.603286,,SH,A股-上交所,2023-07-14,19.4,19.4,18.03,19.01,19.56,6789600,128269132.0,-2.8119,7.7088,1,0,none,baostock,query_history_k_data_plus
603286,SHSE.603286,,SH,A股-上交所,2023-07-17,18.99,19.22,18.42,18.67,19.01,3804400,71137978.0,-1.7885,4.3195,1,0,none,baostock,query_history_k_data_plus
603286,SHSE.603286,,SH,A股-上交所,2023-07-18,18.71,20.54,18.58,19.52,18.67,9878300,195328781.0,4.5528,11.2157,1,0,none,baostock,query_history_k_data_plus
603286,SHSE.603286,,SH,A股-上交所,2023-07-19,19.13,19.35,18.8,19.03,19.52,5677800,107936058.0,-2.5102,6.4465,1,0,none,baostock,query_history_k_data_plus
603286,SHSE.603286,,SH,A股-上交所,2023-07-20,19.15,19.15,18.33,18.35,19.03,4521300,83941717.91,-3.5733,5.1334,1,0,none,baostock,query_history_k_data_plus
603286,SHSE.603286,,SH,A股-上交所,2023-07-21,18.25,18.39,17.88,17.88,18.35,3772500,68262607.0,-2.5613,4.2832,1,0,none,baostock,query_history_k_data_plus
603286,SHSE.603286,,SH,A股-上交所,2023-07-24,18.01,18.35,17.88,18.22,17.88,2889000,52514135.0,1.9016,3.2801,1,0,none,baostock,query_history_k_data_plus
603286,SHSE.603286,,SH,A股-上交所,2023-07-25,18.27,18.88,18.22,18.78,18.22,3828200,71248895.0,3.0735,4.3465,1,0,none,baostock,query_history_k_data_plus
603286,SHSE.603286,,SH,A股-上交所,2023-07-26,18.64,18.76,18.25,18.32,18.78,2698100,49637245.0,-2.4494,3.0634,1,0,none,baostock,query_history_k_data_plus
603286,SHSE.603286,,SH,A股-上交所,2023-07-27,18.5,18.86,18.36,18.37,18.32,2387900,44324756.0,0.2729,2.7112,1,0,none,baostock,query_history_k_data_plus
603286,SHSE.603286,,SH,A股-上交所,2023-07-28,18.35,18.66,18.0,18.58,18.37,2269100,41726671.0,1.1432,2.5763,1,0,none,baostock,query_history_k_data_plus
603286,SHSE.603286,,SH,A股-上交所,2023-07-31,18.57,18.84,18.45,18.49,18.58,1742500,32390985.0,-0.4844,1.9784,1,0,none,baostock,query_history_k_data_plus
603286,SHSE.603286,,SH,A股-上交所,2023-08-01,18.32,18.4,17.98,18.07,18.49,2267800,41079493.0,-2.2715,2.5748,1,0,none,baostock,query_history_k_data_plus
603286,SHSE.603286,,SH,A股-上交所,2023-08-02,18.07,18.37,17.96,18.34,18.07,1855900,33849510.0,1.4942,2.1072,1,0,none,baostock,query_history_k_data_plus
603286,SHSE.603286,,SH,A股-上交所,2023-08-03,18.34,18.34,17.96,17.99,18.34,1601500,28927629.0,-1.9084,1.8183,1,0,none,baostock,query_history_k_data_plus
603286,SHSE.603286,,SH,A股-上交所,2023-08-04,18.05,18.13,17.86,17.94,17.99,1533400,27573356.0,-0.2779,1.741,1,0,none,baostock,query_history_k_data_plus
603286,SHSE.603286,,SH,A股-上交所,2023-08-07,17.94,18.07,17.85,17.89,17.94,1087700,19526466.0,-0.2787,1.235,1,0,none,baostock,query_history_k_data_plus
603286,SHSE.603286,,SH,A股-上交所,2023-08-08,17.91,18.17,17.66,17.78,17.89,1574300,28131731.0,-0.6149,1.7874,1,0,none,baostock,query_history_k_data_plus
603286,SHSE.603286,,SH,A股-上交所,2023-08-09,17.7,17.74,17.4,17.4,17.78,1511300,26483341.0,-2.1372,1.7159,1,0,none,baostock,query_history_k_data_plus
603286,SHSE.603286,,SH,A股-上交所,2023-08-10,17.55,17.63,17.4,17.57,17.4,1025800,17977062.0,0.977,1.1647,1,0,none,baostock,query_history_k_data_plus
603286,SHSE.603286,,SH,A股-上交所,2023-08-11,17.61,17.76,17.34,17.38,17.57,1344600,23623043.0,-1.0814,1.5266,1,0,none,baostock,query_history_k_data_plus
603286,SHSE.603286,,SH,A股-上交所,2023-08-14,17.32,17.44,17.09,17.42,17.38,1084900,18708516.0,0.2301,1.2318,1,0,none,baostock,query_history_k_data_plus
603286,SHSE.603286,,SH,A股-上交所,2023-08-15,17.41,17.48,17.16,17.23,17.42,957800,16530598.0,-1.0907,1.0875,1,0,none,baostock,query_history_k_data_plus
603286,SHSE.603286,,SH,A股-上交所,2023-08-16,17.22,17.29,17.0,17.0,17.23,933700,16011013.0,-1.3349,1.0601,1,0,none,baostock,query_history_k_data_plus
603286,SHSE.603286,,SH,A股-上交所,2023-08-17,16.9,17.66,16.86,17.58,17.0,1787000,31024173.0,3.4118,2.0289,1,0,none,baostock,query_history_k_data_plus
603286,SHSE.603286,,SH,A股-上交所,2023-08-18,17.6,17.88,17.53,17.55,17.58,1537300,27259625.0,-0.1706,1.7454,1,0,none,baostock,query_history_k_data_plus
603286,SHSE.603286,,SH,A股-上交所,2023-08-21,17.6,17.93,17.48,17.79,17.55,1455900,25862366.0,1.3675,1.653,1,0,none,baostock,query_history_k_data_plus
603286,SHSE.603286,,SH,A股-上交所,2023-08-22,17.8,17.93,17.55,17.88,17.79,2149400,38184473.0,0.5059,2.4404,1,0,none,baostock,query_history_k_data_plus
603286,SHSE.603286,,SH,A股-上交所,2023-08-23,17.86,18.17,17.64,17.99,17.88,2081700,37434433.0,0.6152,2.3635,1,0,none,baostock,query_history_k_data_plus
603286,SHSE.603286,,SH,A股-上交所,2023-08-24,17.89,17.96,17.37,17.6,17.99,1404900,24730436.0,-2.1679,1.5951,1,0,none,baostock,query_history_k_data_plus
603286,SHSE.603286,,SH,A股-上交所,2023-08-25,17.5,17.6,17.0,17.03,17.6,1899600,32777852.0,-3.2386,2.1568,1,0,none,baostock,query_history_k_data_plus
603286,SHSE.603286,,SH,A股-上交所,2023-08-28,17.86,17.96,16.88,16.97,17.03,2056900,35696490.0,-0.3523,2.3354,1,0,none,baostock,query_history_k_data_plus
603286,SHSE.603286,,SH,A股-上交所,2023-08-29,17.06,18.32,17.04,18.1,16.97,4565400,82029962.0,6.6588,5.1835,1,0,none,baostock,query_history_k_data_plus
603286,SHSE.603286,,SH,A股-上交所,2023-08-30,18.1,18.7,18.1,18.38,18.1,2570300,47256352.0,1.547,2.9183,1,0,none,baostock,query_history_k_data_plus
603286,SHSE.603286,,SH,A股-上交所,2023-08-31,18.41,18.55,18.2,18.42,18.38,1657200,30430750.0,0.2176,1.8816,1,0,none,baostock,query_history_k_data_plus
603286,SHSE.603286,,SH,A股-上交所,2023-09-01,18.6,18.79,18.21,18.44,18.42,1341700,24656545.0,0.1086,1.5233,1,0,none,baostock,query_history_k_data_plus
603286,SHSE.603286,,SH,A股-上交所,2023-09-04,18.45,18.65,18.33,18.5,18.44,1265100,23353597.0,0.3254,1.4364,1,0,none,baostock,query_history_k_data_plus
603286,SHSE.603286,,SH,A股-上交所,2023-09-05,18.5,18.56,18.27,18.37,18.5,1081800,19909420.0,-0.7027,1.2283,1,0,none,baostock,query_history_k_data_plus
603286,SHSE.603286,,SH,A股-上交所,2023-09-06,18.3,18.75,18.26,18.63,18.37,1920000,35689510.0,1.4154,2.1799,1,0,none,baostock,query_history_k_data_plus
603286,SHSE.603286,,SH,A股-上交所,2023-09-07,18.56,18.57,18.17,18.19,18.63,1518500,27840582.0,-2.3618,1.7241,1,0,none,baostock,query_history_k_data_plus
603286,SHSE.603286,,SH,A股-上交所,2023-09-08,18.19,18.44,18.1,18.35,18.19,1257500,23046183.0,0.8796,1.4277,1,0,none,baostock,query_history_k_data_plus
603286,SHSE.603286,,SH,A股-上交所,2023-09-11,18.51,18.75,18.34,18.64,18.35,1881000,34948511.0,1.5804,2.1357,1,0,none,baostock,query_history_k_data_plus
603286,SHSE.603286,,SH,A股-上交所,2023-09-12,18.75,18.88,18.51,18.68,18.64,2087500,38945565.0,0.2146,2.3701,1,0,none,baostock,query_history_k_data_plus
603286,SHSE.603286,,SH,A股-上交所,2023-09-13,18.55,18.64,18.1,18.26,18.68,1347800,24680279.0,-2.2484,1.5303,1,0,none,baostock,query_history_k_data_plus
603286,SHSE.603286,,SH,A股-上交所,2023-09-14,18.26,18.58,17.85,17.97,18.26,2019400,36641699.0,-1.5882,2.2928,1,0,none,baostock,query_history_k_data_plus
603286,SHSE.603286,,SH,A股-上交所,2023-09-15,17.97,18.13,17.74,17.88,17.97,1054100,18878563.0,-0.5008,1.1968,1,0,none,baostock,query_history_k_data_plus
603286,SHSE.603286,,SH,A股-上交所,2023-09-18,17.93,18.98,17.78,18.66,17.88,2715800,50580761.0,4.3624,3.0835,1,0,none,baostock,query_history_k_data_plus
603286,SHSE.603286,,SH,A股-上交所,2023-09-19,18.82,18.82,18.15,18.34,18.66,1520201,27851369.2,-1.7149,1.726,1,0,none,baostock,query_history_k_data_plus
603286,SHSE.603286,,SH,A股-上交所,2023-09-20,18.34,18.53,18.01,18.01,18.34,1099100,20077112.0,-1.7993,1.2479,1,0,none,baostock,query_history_k_data_plus
603286,SHSE.603286,,SH,A股-上交所,2023-09-21,18.38,18.88,17.85,17.95,18.01,3068900,55708511.0,-0.3331,3.4844,1,0,none,baostock,query_history_k_data_plus
603286,SHSE.603286,,SH,A股-上交所,2023-09-22,17.76,18.18,17.69,18.12,17.95,2218100,39894057.0,0.9471,2.5184,1,0,none,baostock,query_history_k_data_plus
603286,SHSE.603286,,SH,A股-上交所,2023-09-25,18.06,19.5,18.06,18.99,18.12,6157700,116151210.0,4.8013,6.9913,1,0,none,baostock,query_history_k_data_plus
603286,SHSE.603286,,SH,A股-上交所,2023-09-26,18.99,19.77,18.7,19.48,18.99,8391200,162011097.0,2.5803,9.5272,1,0,none,baostock,query_history_k_data_plus
603286,SHSE.603286,,SH,A股-上交所,2023-09-27,19.3,19.3,18.61,18.62,19.48,6480100,121905148.0,-4.4148,7.3574,1,0,none,baostock,query_history_k_data_plus
603286,SHSE.603286,,SH,A股-上交所,2023-09-28,18.72,20.48,18.59,20.48,18.62,12258647,245224882.36,9.9893,13.9183,1,0,none,baostock,query_history_k_data_plus
603286,SHSE.603286,,SH,A股-上交所,2023-10-09,21.88,22.53,21.52,22.53,20.48,5712037,127039060.96,10.0098,6.4854,1,0,none,baostock,query_history_k_data_plus
603286,SHSE.603286,,SH,A股-上交所,2023-10-10,21.97,21.97,20.28,20.42,22.53,22533801,471214501.41,-9.3653,25.5845,1,0,none,baostock,query_history_k_data_plus
603286,SHSE.603286,,SH,A股-上交所,2023-10-11,20.0,20.2,19.18,19.39,20.42,14119101,274135169.49,-5.0441,16.0306,1,0,none,baostock,query_history_k_data_plus
603286,SHSE.603286,,SH,A股-上交所,2023-10-12,19.18,19.53,19.01,19.31,19.39,8654501,166784244.35,-0.4126,9.8262,1,0,none,baostock,query_history_k_data_plus
603286,SHSE.603286,,SH,A股-上交所,2023-10-13,19.2,19.49,18.83,18.86,19.31,7967087,152261172.87,-2.3304,9.0457,1,0,none,baostock,query_history_k_data_plus
603286,SHSE.603286,,SH,A股-上交所,2023-10-16,18.86,19.21,18.67,19.15,18.86,6566887,125022088.31,1.5376,7.4559,1,0,none,baostock,query_history_k_data_plus
603286,SHSE.603286,,SH,A股-上交所,2023-10-17,19.0,19.12,18.39,18.53,19.15,5540387,102714907.67,-3.2376,6.2905,1,0,none,baostock,query_history_k_data_plus
603286,SHSE.603286,,SH,A股-上交所,2023-10-18,18.5,19.04,18.05,18.71,18.53,5671600,105776440.0,0.9714,6.4394,1,0,none,baostock,query_history_k_data_plus
603286,SHSE.603286,,SH,A股-上交所,2023-10-19,18.46,18.87,18.11,18.31,18.71,4063500,74869348.0,-2.1379,4.6136,1,0,none,baostock,query_history_k_data_plus
603286,SHSE.603286,,SH,A股-上交所,2023-10-20,18.22,18.71,18.09,18.16,18.31,3129600,57307296.0,-0.8192,3.5533,1,0,none,baostock,query_history_k_data_plus
603286,SHSE.603286,,SH,A股-上交所,2023-10-23,18.0,18.33,17.3,17.49,18.16,4635952,81970658.97,-3.6894,5.2636,1,0,none,baostock,query_history_k_data_plus
603286,SHSE.603286,,SH,A股-上交所,2023-10-24,17.39,18.43,17.39,18.19,17.49,4483015,80931887.65,4.0023,5.0899,1,0,none,baostock,query_history_k_data_plus
603286,SHSE.603286,,SH,A股-上交所,2023-10-25,18.19,18.71,18.19,18.61,18.19,3452600,63974296.0,2.309,3.92,1,0,none,baostock,query_history_k_data_plus
603286,SHSE.603286,,SH,A股-上交所,2023-10-26,18.48,18.68,18.22,18.61,18.61,2780900,51285656.0,0.0,3.1574,1,0,none,baostock,query_history_k_data_plus
603286,SHSE.603286,,SH,A股-上交所,2023-10-27,18.51,18.9,18.37,18.73,18.61,2683700,50226373.0,0.6448,3.047,1,0,none,baostock,query_history_k_data_plus
603286,SHSE.603286,,SH,A股-上交所,2023-10-30,19.0,19.49,18.81,19.0,18.73,4259901,81007181.84,1.4415,4.8366,1,0,none,baostock,query_history_k_data_plus
603286,SHSE.603286,,SH,A股-上交所,2023-10-31,19.4,19.5,18.66,19.09,19.0,4800800,91528432.0,0.4737,5.4507,1,0,none,baostock,query_history_k_data_plus
603286,SHSE.603286,,SH,A股-上交所,2023-11-01,18.9,19.6,18.76,19.31,19.09,6348090,123085399.52,1.1524,7.2075,1,0,none,baostock,query_history_k_data_plus
603286,SHSE.603286,,SH,A股-上交所,2023-11-02,19.31,19.6,19.18,19.34,19.31,3995900,77322574.0,0.1554,4.5369,1,0,none,baostock,query_history_k_data_plus
603286,SHSE.603286,,SH,A股-上交所,2023-11-03,19.81,20.19,19.26,19.75,19.34,7062590,139884026.7,2.12,8.0187,1,0,none,baostock,query_history_k_data_plus
603286,SHSE.603286,,SH,A股-上交所,2023-11-06,19.74,20.51,19.66,20.28,19.75,7530600,152245031.0,2.6835,8.5501,1,0,none,baostock,query_history_k_data_plus
603286,SHSE.603286,,SH,A股-上交所,2023-11-07,20.5,21.84,20.4,21.25,20.28,11288498,238609599.34,4.783,12.8168,1,0,none,baostock,query_history_k_data_plus
603286,SHSE.603286,,SH,A股-上交所,2023-11-08,21.71,22.53,21.0,21.25,21.25,10980698,237311023.72,0.0,12.4673,1,0,none,baostock,query_history_k_data_plus
603286,SHSE.603286,,SH,A股-上交所,2023-11-09,21.2,23.38,20.88,21.6,21.25,14908998,331416546.84,1.6471,16.9274,1,0,none,baostock,query_history_k_data_plus
603286,SHSE.603286,,SH,A股-上交所,2023-11-10,21.6,22.5,20.92,21.62,21.6,10726500,230576797.0,0.0926,12.1787,1,0,none,baostock,query_history_k_data_plus
603286,SHSE.603286,,SH,A股-上交所,2023-11-13,21.41,23.78,21.41,22.51,21.62,16763800,381354238.2,4.1166,19.0333,1,0,none,baostock,query_history_k_data_plus
603286,SHSE.603286,,SH,A股-上交所,2023-11-14,22.23,22.25,21.4,22.25,22.51,13218051,288409111.23,-1.155,15.0076,1,0,none,baostock,query_history_k_data_plus
603286,SHSE.603286,,SH,A股-上交所,2023-11-15,22.25,23.2,21.81,22.48,22.25,10781483,240556992.77,1.0337,12.2411,1,0,none,baostock,query_history_k_data_plus
603286,SHSE.603286,,SH,A股-上交所,2023-11-16,22.5,23.16,21.84,21.97,22.48,7496651,166152203.9,-2.2687,8.5116,1,0,none,baostock,query_history_k_data_plus
603286,SHSE.603286,,SH,A股-上交所,2023-11-17,21.96,24.17,21.6,23.0,21.97,16575800,379739134.0,4.6882,18.8199,1,0,none,baostock,query_history_k_data_plus
603286,SHSE.603286,,SH,A股-上交所,2023-11-20,23.35,25.0,22.96,23.86,23.0,15583800,370767608.97,3.7391,17.6936,1,0,none,baostock,query_history_k_data_plus
603286,SHSE.603286,,SH,A股-上交所,2023-11-21,23.55,24.35,22.9,22.99,23.86,10491152,245568026.8,-3.6463,11.9115,1,0,none,baostock,query_history_k_data_plus
603286,SHSE.603286,,SH,A股-上交所,2023-11-22,22.66,24.26,22.35,23.43,22.99,13224542,310905162.92,1.9139,15.0149,1,0,none,baostock,query_history_k_data_plus
603286,SHSE.603286,,SH,A股-上交所,2023-11-23,22.85,25.77,22.7,25.77,23.43,11935094,295054003.14,9.9872,13.5509,1,0,none,baostock,query_history_k_data_plus
603286,SHSE.603286,,SH,A股-上交所,2023-11-24,28.35,28.35,28.35,28.35,25.77,1808700,51276645.0,10.0116,2.0536,1,0,none,baostock,query_history_k_data_plus
603286,SHSE.603286,,SH,A股-上交所,2023-11-27,31.19,31.19,30.15,31.19,28.35,16899584,526734924.22,10.0176,19.1875,1,0,none,baostock,query_history_k_data_plus
603286,SHSE.603286,,SH,A股-上交所,2023-11-28,31.4,34.31,29.34,34.31,31.19,28821484,910910414.04,10.0032,32.7234,1,0,none,baostock,query_history_k_data_plus
603286,SHSE.603286,,SH,A股-上交所,2023-11-29,37.34,37.74,34.5,37.74,34.31,26342800,978920489.0,9.9971,29.9092,1,0,none,baostock,query_history_k_data_plus
603286,SHSE.603286,,SH,A股-上交所,2023-11-30,40.0,41.51,34.01,34.4,37.74,36929684,1453832613.0,-8.85,41.9293,1,0,none,baostock,query_history_k_data_plus
603286,SHSE.603286,,SH,A股-上交所,2023-12-01,33.0,33.98,30.96,30.96,34.4,31890184,1018985726.36,-10.0,36.2076,1,0,none,baostock,query_history_k_data_plus
603286,SHSE.603286,,SH,A股-上交所,2023-12-04,29.31,31.36,28.8,30.6,30.96,24040984,717764501.6,-1.1628,27.2957,1,0,none,baostock,query_history_k_data_plus
603286,SHSE.603286,,SH,A股-上交所,2023-12-05,30.0,33.66,29.6,32.87,30.6,30772174,976292922.96,7.4183,34.9382,1,0,none,baostock,query_history_k_data_plus
603286,SHSE.603286,,SH,A股-上交所,2023-12-06,31.25,31.98,29.58,29.58,32.87,23104374,709791838.52,-10.0091,26.2323,1,0,none,baostock,query_history_k_data_plus
603286,SHSE.603286,,SH,A股-上交所,2023-12-07,28.36,29.39,27.67,28.69,29.58,15168300,430849077.0,-3.0088,17.2218,1,0,none,baostock,query_history_k_data_plus
603286,SHSE.603286,,SH,A股-上交所,2023-12-08,28.41,28.58,26.2,26.4,28.69,15964790,431647861.6,-7.9819,18.1262,1,0,none,baostock,query_history_k_data_plus
603286,SHSE.603286,,SH,A股-上交所,2023-12-11,26.39,27.03,26.29,26.94,26.4,10484600,279065992.0,2.0455,11.904,1,0,none,baostock,query_history_k_data_plus
603286,SHSE.603286,,SH,A股-上交所,2023-12-12,26.94,27.96,26.7,27.72,26.94,12500039,342207188.61,2.8953,14.1923,1,0,none,baostock,query_history_k_data_plus
603286,SHSE.603286,,SH,A股-上交所,2023-12-13,27.8,27.98,26.83,26.85,27.72,10883400,297129191.1,-3.1385,12.3568,1,0,none,baostock,query_history_k_data_plus
603286,SHSE.603286,,SH,A股-上交所,2023-12-14,27.07,27.42,26.24,26.4,26.85,7690800,204840847.0,-1.676,8.732,1,0,none,baostock,query_history_k_data_plus
603286,SHSE.603286,,SH,A股-上交所,2023-12-15,26.25,26.49,25.68,25.78,26.4,8185200,211806839.0,-2.3485,9.2933,1,0,none,baostock,query_history_k_data_plus
603286,SHSE.603286,,SH,A股-上交所,2023-12-18,25.78,26.41,25.58,26.07,25.78,6338400,165017965.0,1.1249,7.1965,1,0,none,baostock,query_history_k_data_plus
603286,SHSE.603286,,SH,A股-上交所,2023-12-19,26.13,26.38,25.65,25.92,26.07,4204800,108821096.0,-0.5754,4.7741,1,0,none,baostock,query_history_k_data_plus
603286,SHSE.603286,,SH,A股-上交所,2023-12-20,25.9,26.29,25.49,25.59,25.92,4419149,114448559.12,-1.2731,5.0174,1,0,none,baostock,query_history_k_data_plus
603286,SHSE.603286,,SH,A股-上交所,2023-12-21,25.39,25.91,24.94,25.83,25.59,5694933,145320642.95,0.9379,6.4659,1,0,none,baostock,query_history_k_data_plus
603286,SHSE.603286,,SH,A股-上交所,2023-12-22,25.5,25.74,24.76,24.9,25.83,5564300,139927063.2,-3.6005,6.3176,1,0,none,baostock,query_history_k_data_plus
603286,SHSE.603286,,SH,A股-上交所,2023-12-25,25.07,25.44,24.81,25.29,24.9,3806000,95863583.0,1.5663,4.3213,1,0,none,baostock,query_history_k_data_plus
603286,SHSE.603286,,SH,A股-上交所,2023-12-26,25.29,25.41,24.7,24.98,25.29,3059900,76410607.0,-1.2258,3.4742,1,0,none,baostock,query_history_k_data_plus
603286,SHSE.603286,,SH,A股-上交所,2023-12-27,25.0,25.42,24.7,25.3,24.98,4291663,107897608.86,1.281,4.8727,1,0,none,baostock,query_history_k_data_plus
603286,SHSE.603286,,SH,A股-上交所,2023-12-28,25.3,25.55,24.73,25.4,25.3,5247100,132510382.0,0.3953,5.9575,1,0,none,baostock,query_history_k_data_plus
603286,SHSE.603286,,SH,A股-上交所,2023-12-29,25.4,26.28,25.12,25.87,25.4,9680304,249564190.16,1.8504,10.9909,1,0,none,baostock,query_history_k_data_plus
603286,SHSE.603286,,SH,A股-上交所,2024-01-02,25.65,25.99,25.27,25.27,25.87,5328484,136082330.24,-2.3193,6.0499,1,0,none,baostock,query_history_k_data_plus
603286,SHSE.603286,,SH,A股-上交所,2024-01-03,25.23,25.26,24.31,24.58,25.27,6203500,153094912.6,-2.7305,7.0433,1,0,none,baostock,query_history_k_data_plus
603286,SHSE.603286,,SH,A股-上交所,2024-01-04,24.5,24.62,24.16,24.55,24.58,3586600,87642006.0,-0.1221,4.0722,1,0,none,baostock,query_history_k_data_plus
603286,SHSE.603286,,SH,A股-上交所,2024-01-05,24.49,24.89,23.82,23.96,24.55,3975120,96656484.0,-2.4033,4.5133,1,0,none,baostock,query_history_k_data_plus
603286,SHSE.603286,,SH,A股-上交所,2024-01-08,24.08,24.45,23.65,23.67,23.96,3591300,85947816.0,-1.2104,4.0775,1,0,none,baostock,query_history_k_data_plus
603286,SHSE.603286,,SH,A股-上交所,2024-01-09,23.85,24.24,23.44,23.74,23.67,3095600,73868339.0,0.2957,3.5147,1,0,none,baostock,query_history_k_data_plus
603286,SHSE.603286,,SH,A股-上交所,2024-01-10,23.8,23.8,23.19,23.29,23.74,2543000,59473047.0,-1.8955,2.8873,1,0,none,baostock,query_history_k_data_plus
603286,SHSE.603286,,SH,A股-上交所,2024-01-11,23.1,23.59,23.1,23.49,23.29,2363100,55388976.0,0.8587,2.683,1,0,none,baostock,query_history_k_data_plus
603286,SHSE.603286,,SH,A股-上交所,2024-01-12,23.31,23.81,23.12,23.17,23.49,2070500,48458303.0,-1.3623,2.3508,1,0,none,baostock,query_history_k_data_plus
603286,SHSE.603286,,SH,A股-上交所,2024-01-15,23.19,23.4,22.9,23.0,23.17,2163500,50051714.0,-0.7337,2.4564,1,0,none,baostock,query_history_k_data_plus
603286,SHSE.603286,,SH,A股-上交所,2024-01-16,23.04,23.16,22.54,22.79,23.0,2158900,49141384.0,-0.913,2.4512,1,0,none,baostock,query_history_k_data_plus
603286,SHSE.603286,,SH,A股-上交所,2024-01-17,22.84,22.97,22.29,22.3,22.79,1897000,42829413.0,-2.1501,2.1538,1,0,none,baostock,query_history_k_data_plus
603286,SHSE.603286,,SH,A股-上交所,2024-01-18,22.1,22.4,21.5,22.06,22.3,3466420,75752867.4,-1.0762,3.9357,1,0,none,baostock,query_history_k_data_plus
603286,SHSE.603286,,SH,A股-上交所,2024-01-19,22.19,22.24,21.6,21.6,22.06,2252700,49217825.0,-2.0852,2.5577,1,0,none,baostock,query_history_k_data_plus
603286,SHSE.603286,,SH,A股-上交所,2024-01-22,21.7,21.8,20.28,20.42,21.6,2507400,52672407.0,-5.463,2.8469,1,0,none,baostock,query_history_k_data_plus
603286,SHSE.603286,,SH,A股-上交所,2024-01-23,20.17,20.46,20.01,20.3,20.42,2622800,53015311.0,-0.5877,2.9779,1,0,none,baostock,query_history_k_data_plus
603286,SHSE.603286,,SH,A股-上交所,2024-01-24,20.4,20.72,19.65,20.23,20.3,2653200,53491995.0,-0.3448,3.0124,1,0,none,baostock,query_history_k_data_plus
603286,SHSE.603286,,SH,A股-上交所,2024-01-25,20.45,20.97,20.1,20.95,20.23,3158100,65145368.0,3.5591,3.5857,1,0,none,baostock,query_history_k_data_plus
603286,SHSE.603286,,SH,A股-上交所,2024-01-26,20.77,21.34,20.77,20.8,20.95,2737400,57623260.0,-0.716,3.108,1,0,none,baostock,query_history_k_data_plus
603286,SHSE.603286,,SH,A股-上交所,2024-01-29,20.98,21.0,20.0,20.14,20.8,2027900,41189261.0,-3.1731,2.3024,1,0,none,baostock,query_history_k_data_plus
603286,SHSE.603286,,SH,A股-上交所,2024-01-30,20.4,20.4,19.4,19.52,20.14,1744700,34437859.0,-3.0785,1.9809,1,0,none,baostock,query_history_k_data_plus
603286,SHSE.603286,,SH,A股-上交所,2024-01-31,19.47,19.55,18.29,18.39,19.52,2345400,44083964.0,-5.7889,2.6629,1,0,none,baostock,query_history_k_data_plus
603286,SHSE.603286,,SH,A股-上交所,2024-02-01,18.25,18.56,17.7,18.09,18.39,2469500,44874801.0,-1.6313,2.8038,1,0,none,baostock,query_history_k_data_plus
603286,SHSE.603286,,SH,A股-上交所,2024-02-02,18.13,18.63,16.51,17.21,18.09,2889684,50769606.72,-4.8646,3.2809,1,0,none,baostock,query_history_k_data_plus
603286,SHSE.603286,,SH,A股-上交所,2024-02-05,16.69,16.7,15.49,15.49,17.21,1803100,28391448.0,-9.9942,2.0472,1,0,none,baostock,query_history_k_data_plus
603286,SHSE.603286,,SH,A股-上交所,2024-02-06,14.64,14.86,13.94,13.95,15.49,6698598,94665972.28,-9.9419,7.6055,1,0,none,baostock,query_history_k_data_plus
603286,SHSE.603286,,SH,A股-上交所,2024-02-07,14.11,14.16,12.56,12.56,13.95,9976698,128339234.4,-9.9642,11.3274,1,0,none,baostock,query_history_k_data_plus
603286,SHSE.603286,,SH,A股-上交所,2024-02-08,12.01,13.39,11.3,13.21,12.56,13626082,166350516.28,5.1752,15.4708,1,0,none,baostock,query_history_k_data_plus
603286,SHSE.603286,,SH,A股-上交所,2024-02-19,13.18,14.04,13.06,13.96,13.21,9852320,134350901.2,5.6775,11.1862,1,0,none,baostock,query_history_k_data_plus
603286,SHSE.603286,,SH,A股-上交所,2024-02-20,13.95,14.65,13.69,14.51,13.96,7382900,105335594.98,3.9398,8.3824,1,0,none,baostock,query_history_k_data_plus
603286,SHSE.603286,,SH,A股-上交所,2024-02-21,14.54,15.96,14.29,15.21,14.51,9532400,145676001.0,4.8243,10.8229,1,0,none,baostock,query_history_k_data_plus
603286,SHSE.603286,,SH,A股-上交所,2024-02-22,15.1,16.55,15.1,16.3,15.21,10449400,162780950.9,7.1663,11.8641,1,0,none,baostock,query_history_k_data_plus
603286,SHSE.603286,,SH,A股-上交所,2024-02-23,16.18,17.4,15.81,17.32,16.3,12112600,202415821.0,6.2577,13.7524,1,0,none,baostock,query_history_k_data_plus
603286,SHSE.603286,,SH,A股-上交所,2024-02-26,17.5,19.05,17.38,19.05,17.32,6890300,126418057.0,9.9885,7.8231,1,0,none,baostock,query_history_k_data_plus
603286,SHSE.603286,,SH,A股-上交所,2024-02-27,19.5,20.96,19.31,20.96,19.05,18993148,386387858.16,10.0262,21.5645,1,0,none,baostock,query_history_k_data_plus
603286,SHSE.603286,,SH,A股-上交所,2024-02-28,20.5,20.59,18.86,18.86,20.96,15757460,310787604.4,-10.0191,17.8908,1,0,none,baostock,query_history_k_data_plus
603286,SHSE.603286,,SH,A股-上交所,2024-02-29,17.08,19.45,17.05,18.92,18.86,11693288,217346343.88,0.3181,13.2764,1,0,none,baostock,query_history_k_data_plus
603286,SHSE.603286,,SH,A股-上交所,2024-03-01,18.85,18.88,17.7,18.23,18.92,11781064,214208702.68,-3.6469,13.376,1,0,none,baostock,query_history_k_data_plus
603286,SHSE.603286,,SH,A股-上交所,2024-03-04,18.25,18.37,17.8,17.97,18.23,6720700,121082259.96,-1.4262,7.6306,1,0,none,baostock,query_history_k_data_plus
603286,SHSE.603286,,SH,A股-上交所,2024-03-05,17.8,17.97,17.23,17.49,17.97,6981900,122615847.0,-2.6711,7.9271,1,0,none,baostock,query_history_k_data_plus
603286,SHSE.603286,,SH,A股-上交所,2024-03-06,17.48,18.27,17.34,18.23,17.49,8809132,158057901.48,4.231,10.0017,1,0,none,baostock,query_history_k_data_plus
603286,SHSE.603286,,SH,A股-上交所,2024-03-07,18.3,18.88,18.1,18.6,18.23,10504879,194045791.17,2.0296,11.9271,1,0,none,baostock,query_history_k_data_plus
603286,SHSE.603286,,SH,A股-上交所,2024-03-08,18.69,18.72,17.81,18.25,18.6,6551884,118748213.73,-1.8817,7.4389,1,0,none,baostock,query_history_k_data_plus
603286,SHSE.603286,,SH,A股-上交所,2024-03-11,17.88,18.25,17.85,18.12,18.25,4825124,87062055.76,-0.7123,5.4784,1,0,none,baostock,query_history_k_data_plus
603286,SHSE.603286,,SH,A股-上交所,2024-03-12,18.27,19.0,18.2,18.8,18.12,8512868,158346767.04,3.7528,9.6654,1,0,none,baostock,query_history_k_data_plus
603286,SHSE.603286,,SH,A股-上交所,2024-03-13,18.8,20.68,18.53,20.68,18.8,21888808,440128818.9,10.0,24.8522,1,0,none,baostock,query_history_k_data_plus
603286,SHSE.603286,,SH,A股-上交所,2024-03-14,20.8,22.71,19.91,22.12,20.68,25839033,544527956.59,6.9632,29.3372,1,0,none,baostock,query_history_k_data_plus
603286,SHSE.603286,,SH,A股-上交所,2024-03-15,21.04,22.1,20.75,21.89,22.12,17506857,374656823.03,-1.0398,19.877,1,0,none,baostock,query_history_k_data_plus
603286,SHSE.603286,,SH,A股-上交所,2024-03-18,22.1,23.89,21.21,23.8,21.89,17533672,387913597.67,8.7254,19.9074,1,0,none,baostock,query_history_k_data_plus
603286,SHSE.603286,,SH,A股-上交所,2024-03-19,22.97,24.9,22.66,23.11,23.8,17151107,403550188.75,-2.8992,19.4731,1,0,none,baostock,query_history_k_data_plus
603286,SHSE.603286,,SH,A股-上交所,2024-03-20,22.87,23.04,21.73,22.3,23.11,12522628,280393598.89,-3.505,14.218,1,0,none,baostock,query_history_k_data_plus
603286,SHSE.603286,,SH,A股-上交所,2024-03-21,22.41,22.5,21.71,21.9,22.3,8073900,177691171.0,-1.7937,9.167,1,0,none,baostock,query_history_k_data_plus
603286,SHSE.603286,,SH,A股-上交所,2024-03-22,21.9,21.94,20.88,21.28,21.9,7307300,155579702.0,-2.8311,8.2966,1,0,none,baostock,query_history_k_data_plus
603286,SHSE.603286,,SH,A股-上交所,2024-03-25,21.13,21.8,21.01,21.26,21.28,6718500,143968027.0,-0.094,7.6281,1,0,none,baostock,query_history_k_data_plus
603286,SHSE.603286,,SH,A股-上交所,2024-03-26,21.3,23.39,20.52,22.99,21.26,18800974,419418841.92,8.1373,21.3463,1,0,none,baostock,query_history_k_data_plus
603286,SHSE.603286,,SH,A股-上交所,2024-03-27,23.02,23.99,22.3,22.44,22.99,20557223,479071300.06,-2.3923,23.3403,1,0,none,baostock,query_history_k_data_plus
603286,SHSE.603286,,SH,A股-上交所,2024-03-28,20.77,23.2,20.77,22.3,22.44,12040430,264702998.54,-0.6239,13.6705,1,0,none,baostock,query_history_k_data_plus
603286,SHSE.603286,,SH,A股-上交所,2024-03-29,22.22,22.58,21.29,21.53,22.3,7595800,165308177.0,-3.4529,8.6241,1,0,none,baostock,query_history_k_data_plus
603286,SHSE.603286,,SH,A股-上交所,2024-04-01,21.51,23.68,21.3,23.25,21.53,15755444,361406157.48,7.9889,17.8885,1,0,none,baostock,query_history_k_data_plus
603286,SHSE.603286,,SH,A股-上交所,2024-04-02,22.9,24.8,22.51,22.99,23.25,16751559,392773033.12,-1.1183,19.0194,1,0,none,baostock,query_history_k_data_plus
603286,SHSE.603286,,SH,A股-上交所,2024-04-03,22.99,24.68,21.79,24.6,22.99,19670393,464304864.33,7.003,22.3334,1,0,none,baostock,query_history_k_data_plus
603286,SHSE.603286,,SH,A股-上交所,2024-04-08,24.65,26.64,23.94,25.97,24.6,22621533,572814406.65,5.5691,25.6841,1,0,none,baostock,query_history_k_data_plus
603286,SHSE.603286,,SH,A股-上交所,2024-04-09,25.0,25.43,24.41,24.65,25.97,13515749,336247381.9,-5.0828,15.3456,1,0,none,baostock,query_history_k_data_plus
603286,SHSE.603286,,SH,A股-上交所,2024-04-10,24.55,24.55,22.19,22.19,24.65,11860499,272643742.13,-9.9797,13.4662,1,0,none,baostock,query_history_k_data_plus
603286,SHSE.603286,,SH,A股-上交所,2024-04-11,21.2,21.99,20.01,20.25,22.19,11256112,235447051.62,-8.7427,12.78,1,0,none,baostock,query_history_k_data_plus
603286,SHSE.603286,,SH,A股-上交所,2024-04-12,20.14,20.16,18.78,19.0,20.25,10869800,209828565.0,-6.1728,12.3414,1,0,none,baostock,query_history_k_data_plus
603286,SHSE.603286,,SH,A股-上交所,2024-04-15,18.5,18.75,17.1,17.1,19.0,8553270,150699118.4,-10.0,9.7112,1,0,none,baostock,query_history_k_data_plus
603286,SHSE.603286,,SH,A股-上交所,2024-04-16,16.69,16.79,15.39,15.39,17.1,5271300,82913788.0,-10.0,5.9849,1,0,none,baostock,query_history_k_data_plus
603286,SHSE.603286,,SH,A股-上交所,2024-04-17,14.95,16.93,14.91,16.93,15.39,6394700,104288897.0,10.0065,7.2604,1,0,none,baostock,query_history_k_data_plus
603286,SHSE.603286,,SH,A股-上交所,2024-04-18,17.06,18.1,16.98,17.42,16.93,11264300,197717740.21,2.8943,12.7893,1,0,none,baostock,query_history_k_data_plus
603286,SHSE.603286,,SH,A股-上交所,2024-04-19,17.4,17.44,16.41,16.68,17.42,11607413,195389503.37,-4.248,10.1549,1,0,none,baostock,query_history_k_data_plus
603286,SHSE.603286,,SH,A股-上交所,2024-04-22,17.0,17.2,16.0,16.18,16.68,7634888,125103702.9,-2.9976,6.6795,1,0,none,baostock,query_history_k_data_plus
603286,SHSE.603286,,SH,A股-上交所,2024-04-23,16.26,16.53,16.05,16.27,16.18,6839225,111348939.88,0.5562,5.9834,1,0,none,baostock,query_history_k_data_plus
603286,SHSE.603286,,SH,A股-上交所,2024-04-24,16.53,17.27,16.38,17.21,16.27,9485728,160847698.53,5.7775,8.2987,1,0,none,baostock,query_history_k_data_plus
603286,SHSE.603286,,SH,A股-上交所,2024-04-25,17.3,18.24,17.04,17.83,17.21,10122116,180040687.07,3.6026,8.8554,1,0,none,baostock,query_history_k_data_plus
603286,SHSE.603286,,SH,A股-上交所,2024-04-26,17.87,18.11,17.45,17.91,17.83,9185716,164139687.0,0.4487,8.0362,1,0,none,baostock,query_history_k_data_plus
603286,SHSE.603286,,SH,A股-上交所,2024-04-29,19.5,19.7,18.61,18.95,17.91,18521974,356335584.62,5.8068,16.2041,1,0,none,baostock,query_history_k_data_plus
603286,SHSE.603286,,SH,A股-上交所,2024-04-30,19.0,19.6,18.34,18.88,18.95,14918754,282830091.77,-0.3694,13.0518,1,0,none,baostock,query_history_k_data_plus
603286,SHSE.603286,,SH,A股-上交所,2024-05-06,19.0,20.09,19.0,19.45,18.88,12878365,251375522.5,3.0191,11.2668,1,0,none,baostock,query_history_k_data_plus
603286,SHSE.603286,,SH,A股-上交所,2024-05-07,19.42,19.54,19.0,19.25,19.45,8566016,164575398.76,-1.0283,7.4941,1,0,none,baostock,query_history_k_data_plus
603286,SHSE.603286,,SH,A股-上交所,2024-05-08,19.58,20.52,19.09,19.7,19.25,14414467,284821389.85,2.3377,12.6106,1,0,none,baostock,query_history_k_data_plus
603286,SHSE.603286,,SH,A股-上交所,2024-05-09,19.78,20.14,19.2,20.01,19.7,11969147,234821036.9,1.5736,10.4713,1,0,none,baostock,query_history_k_data_plus
603286,SHSE.603286,,SH,A股-上交所,2024-05-10,19.81,19.82,18.92,19.05,20.01,8727778,168557667.71,-4.7976,7.6356,1,0,none,baostock,query_history_k_data_plus
603286,SHSE.603286,,SH,A股-上交所,2024-05-13,18.8,18.8,17.85,17.89,19.05,10038574,182518044.02,-6.0892,8.7824,1,0,none,baostock,query_history_k_data_plus
603286,SHSE.603286,,SH,A股-上交所,2024-05-14,18.3,19.1,18.03,18.15,17.89,6162128,112794184.12,1.4533,5.391,1,0,none,baostock,query_history_k_data_plus
603286,SHSE.603286,,SH,A股-上交所,2024-05-15,18.2,18.34,17.74,17.74,18.15,5231500,94186222.2,-2.259,4.5768,1,0,none,baostock,query_history_k_data_plus
603286,SHSE.603286,,SH,A股-上交所,2024-05-16,17.76,18.12,17.76,17.86,17.74,4254600,76548424.0,0.6764,3.7222,1,0,none,baostock,query_history_k_data_plus
603286,SHSE.603286,,SH,A股-上交所,2024-05-17,17.88,18.38,17.88,18.33,17.86,5522000,100507972.0,2.6316,4.831,1,0,none,baostock,query_history_k_data_plus
603286,SHSE.603286,,SH,A股-上交所,2024-05-20,18.34,18.39,18.0,18.1,18.33,5087100,92197391.0,-1.2548,4.4505,1,0,none,baostock,query_history_k_data_plus
603286,SHSE.603286,,SH,A股-上交所,2024-05-21,18.0,18.0,17.4,17.61,18.1,5640700,99354137.0,-2.7072,4.9348,1,0,none,baostock,query_history_k_data_plus
603286,SHSE.603286,,SH,A股-上交所,2024-05-22,17.54,18.06,17.54,17.85,17.61,4154180,74183683.8,1.3629,3.6343,1,0,none,baostock,query_history_k_data_plus
603286,SHSE.603286,,SH,A股-上交所,2024-05-23,17.8,17.84,17.3,17.32,17.85,4067300,71028950.37,-2.9692,3.5583,1,0,none,baostock,query_history_k_data_plus
603286,SHSE.603286,,SH,A股-上交所,2024-05-24,17.33,17.43,16.88,16.88,17.32,3932443,67039660.4,-2.5404,3.4403,1,0,none,baostock,query_history_k_data_plus
603286,SHSE.603286,,SH,A股-上交所,2024-05-27,17.0,17.14,16.45,17.0,16.88,3639768,61012805.45,0.7109,3.1843,1,0,none,baostock,query_history_k_data_plus
603286,SHSE.603286,,SH,A股-上交所,2024-05-28,16.95,17.15,16.56,16.75,17.0,2672400,45105216.0,-1.4706,2.338,1,0,none,baostock,query_history_k_data_plus
603286,SHSE.603286,,SH,A股-上交所,2024-05-29,16.75,17.36,16.7,17.12,16.75,4059038,69529193.42,2.209,3.5511,1,0,none,baostock,query_history_k_data_plus
603286,SHSE.603286,,SH,A股-上交所,2024-05-30,17.1,17.4,16.9,17.38,17.12,4045960,69702864.8,1.5187,3.5397,1,0,none,baostock,query_history_k_data_plus
603286,SHSE.603286,,SH,A股-上交所,2024-05-31,17.35,17.63,17.2,17.22,17.38,5069938,88132971.36,-0.9206,4.4355,1,0,none,baostock,query_history_k_data_plus
603286,SHSE.603286,,SH,A股-上交所,2024-06-03,17.35,17.64,16.7,16.97,17.22,4465060,76358548.64,-1.4518,3.9063,1,0,none,baostock,query_history_k_data_plus
603286,SHSE.603286,,SH,A股-上交所,2024-06-04,16.53,16.8,16.17,16.37,16.97,4756400,77906679.0,-3.5357,4.1612,1,0,none,baostock,query_history_k_data_plus
603286,SHSE.603286,,SH,A股-上交所,2024-06-05,16.48,16.97,16.26,16.77,16.37,6948200,115883514.2,2.4435,6.0787,1,0,none,baostock,query_history_k_data_plus
603286,SHSE.603286,,SH,A股-上交所,2024-06-06,16.58,16.67,15.12,15.33,16.77,7902819,123973189.07,-8.5868,6.9139,1,0,none,baostock,query_history_k_data_plus
603286,SHSE.603286,,SH,A股-上交所,2024-06-07,15.49,15.98,15.36,15.66,15.3,4690800,73188323.0,2.3529,4.1038,1,0,none,baostock,query_history_k_data_plus
603286,SHSE.603286,,SH,A股-上交所,2024-06-11,15.53,16.5,15.08,16.09,15.66,5876500,94025262.0,2.7458,5.1411,1,0,none,baostock,query_history_k_data_plus
603286,SHSE.603286,,SH,A股-上交所,2024-06-12,15.8,16.51,15.66,16.43,16.09,5566800,90569192.0,2.1131,4.8702,1,0,none,baostock,query_history_k_data_plus
603286,SHSE.603286,,SH,A股-上交所,2024-06-13,16.52,16.79,16.28,16.38,16.43,4017604,66284545.6,-0.3043,3.5148,1,0,none,baostock,query_history_k_data_plus
603286,SHSE.603286,,SH,A股-上交所,2024-06-14,16.2,16.75,16.02,16.7,16.38,4605200,75818529.0,1.9536,4.0289,1,0,none,baostock,query_history_k_data_plus
603286,SHSE.603286,,SH,A股-上交所,2024-06-17,16.7,17.5,16.49,16.79,16.7,5877133,99227954.75,0.5389,5.1417,1,0,none,baostock,query_history_k_data_plus
603286,SHSE.603286,,SH,A股-上交所,2024-06-18,16.79,17.41,16.6,17.3,16.79,7203800,123838391.22,3.0375,6.3023,1,0,none,baostock,query_history_k_data_plus
603286,SHSE.603286,,SH,A股-上交所,2024-06-19,17.34,17.78,17.1,17.22,17.3,6293200,109290652.0,-0.4624,5.5057,1,0,none,baostock,query_history_k_data_plus
603286,SHSE.603286,,SH,A股-上交所,2024-06-20,17.31,17.45,16.6,16.67,17.22,4582500,77076433.82,-3.194,4.009,1,0,none,baostock,query_history_k_data_plus
603286,SHSE.603286,,SH,A股-上交所,2024-06-21,16.89,16.91,16.05,16.61,16.67,3198400,53105351.0,-0.3599,2.7982,1,0,none,baostock,query_history_k_data_plus
603286,SHSE.603286,,SH,A股-上交所,2024-06-24,16.37,16.48,15.65,15.75,16.61,4519499,72349793.17,-5.1776,3.9539,1,0,none,baostock,query_history_k_data_plus
603286,SHSE.603286,,SH,A股-上交所,2024-06-25,15.65,16.4,15.62,16.03,15.75,3919000,63026918.0,1.7778,3.4286,1,0,none,baostock,query_history_k_data_plus
603286,SHSE.603286,,SH,A股-上交所,2024-06-26,15.83,16.5,15.56,16.45,16.03,4015100,64625040.0,2.6201,3.5127,1,0,none,baostock,query_history_k_data_plus
603286,SHSE.603286,,SH,A股-上交所,2024-06-27,16.34,16.47,15.86,15.88,16.45,3519200,56785028.0,-3.465,3.0788,1,0,none,baostock,query_history_k_data_plus
603286,SHSE.603286,,SH,A股-上交所,2024-06-28,15.92,16.24,15.73,15.93,15.88,2669800,42912614.0,0.3149,2.3357,1,0,none,baostock,query_history_k_data_plus
603286,SHSE.603286,,SH,A股-上交所,2024-07-01,15.83,16.06,15.62,15.97,15.93,2984900,47220752.0,0.2511,2.6114,1,0,none,baostock,query_history_k_data_plus
603286,SHSE.603286,,SH,A股-上交所,2024-07-02,15.95,16.2,15.69,15.77,15.97,2337100,37195122.0,-1.2523,2.0446,1,0,none,baostock,query_history_k_data_plus
603286,SHSE.603286,,SH,A股-上交所,2024-07-03,15.76,15.93,15.39,15.42,15.77,2228900,34670609.0,-2.2194,1.95,1,0,none,baostock,query_history_k_data_plus
603286,SHSE.603286,,SH,A股-上交所,2024-07-04,15.42,15.63,14.88,14.96,15.42,2706100,41019798.0,-2.9831,2.3675,1,0,none,baostock,query_history_k_data_plus
603286,SHSE.603286,,SH,A股-上交所,2024-07-05,14.88,15.17,14.56,14.98,14.96,2519200,37527163.0,0.1337,2.2039,1,0,none,baostock,query_history_k_data_plus
603286,SHSE.603286,,SH,A股-上交所,2024-07-08,14.99,15.0,14.46,14.51,14.98,2201400,32173182.0,-3.1375,1.9259,1,0,none,baostock,query_history_k_data_plus
603286,SHSE.603286,,SH,A股-上交所,2024-07-09,14.59,15.0,14.31,15.0,14.51,3387400,49836786.0,3.377,2.9635,1,0,none,baostock,query_history_k_data_plus
603286,SHSE.603286,,SH,A股-上交所,2024-07-10,15.5,16.5,15.34,16.5,15.0,7516501,122869967.66,10.0,6.5759,1,0,none,baostock,query_history_k_data_plus
603286,SHSE.603286,,SH,A股-上交所,2024-07-11,16.97,17.9,16.86,17.08,16.5,20039215,345533758.6,3.5152,17.5315,1,0,none,baostock,query_history_k_data_plus
603286,SHSE.603286,,SH,A股-上交所,2024-07-12,16.91,17.6,16.56,17.53,17.08,17092912,291799756.2,2.6347,14.9539,1,0,none,baostock,query_history_k_data_plus
603286,SHSE.603286,,SH,A股-上交所,2024-07-15,17.5,18.3,17.38,18.05,17.53,19008352,340635322.78,2.9663,16.6297,1,0,none,baostock,query_history_k_data_plus
603286,SHSE.603286,,SH,A股-上交所,2024-07-16,17.69,18.59,17.32,18.59,18.05,17886198,323899845.49,2.9917,15.6479,1,0,none,baostock,query_history_k_data_plus
603286,SHSE.603286,,SH,A股-上交所,2024-07-17,18.3,18.3,17.12,17.17,18.59,15017304,264923561.68,-7.6385,13.138,1,0,none,baostock,query_history_k_data_plus
603286,SHSE.603286,,SH,A股-上交所,2024-07-18,16.7,17.88,16.5,17.74,17.17,12937183,224979084.33,3.3197,11.3182,1,0,none,baostock,query_history_k_data_plus
603286,SHSE.603286,,SH,A股-上交所,2024-07-19,17.55,17.84,17.26,17.33,17.74,10149336,177876355.22,-2.3112,8.8793,1,0,none,baostock,query_history_k_data_plus
603286,SHSE.603286,,SH,A股-上交所,2024-07-22,17.34,17.55,16.93,17.19,17.33,7427916,127785046.2,-0.8078,6.4984,1,0,none,baostock,query_history_k_data_plus
603286,SHSE.603286,,SH,A股-上交所,2024-07-23,17.33,17.74,16.93,17.29,17.19,10560200,183738886.48,0.5817,9.2387,1,0,none,baostock,query_history_k_data_plus
603286,SHSE.603286,,SH,A股-上交所,2024-07-24,16.98,17.63,16.93,17.45,17.29,9484200,164784460.0,0.9254,8.2974,1,0,none,baostock,query_history_k_data_plus
603286,SHSE.603286,,SH,A股-上交所,2024-07-25,17.25,17.6,16.6,17.4,17.45,7518400,129296771.71,-0.2865,6.5776,1,0,none,baostock,query_history_k_data_plus
603286,SHSE.603286,,SH,A股-上交所,2024-07-26,17.4,18.05,17.34,17.88,17.4,12667300,224902457.0,2.7586,11.0821,1,0,none,baostock,query_history_k_data_plus
603286,SHSE.603286,,SH,A股-上交所,2024-07-29,17.88,18.3,17.62,18.22,17.88,11111252,199694322.4,1.9016,9.7208,1,0,none,baostock,query_history_k_data_plus
603286,SHSE.603286,,SH,A股-上交所,2024-07-30,18.02,18.56,17.6,18.12,18.22,10611800,190780992.0,-0.5488,9.2838,1,0,none,baostock,query_history_k_data_plus
603286,SHSE.603286,,SH,A股-上交所,2024-07-31,18.0,18.4,17.81,18.2,18.12,11391500,206672902.0,0.4415,9.966,1,0,none,baostock,query_history_k_data_plus
603286,SHSE.603286,,SH,A股-上交所,2024-08-01,18.11,19.26,18.1,19.24,18.2,16476818,306866018.0,5.7143,14.4149,1,0,none,baostock,query_history_k_data_plus
603286,SHSE.603286,,SH,A股-上交所,2024-08-02,18.88,19.13,17.64,17.65,19.24,13791700,254638947.2,-8.264,12.0658,1,0,none,baostock,query_history_k_data_plus
603286,SHSE.603286,,SH,A股-上交所,2024-08-05,17.17,17.47,15.89,15.96,17.65,12061400,200008569.8,-9.5751,10.552,1,0,none,baostock,query_history_k_data_plus
603286,SHSE.603286,,SH,A股-上交所,2024-08-06,16.08,16.49,15.7,16.21,15.96,6216900,99617860.0,1.5664,5.4389,1,0,none,baostock,query_history_k_data_plus
603286,SHSE.603286,,SH,A股-上交所,2024-08-07,16.2,16.38,15.9,16.09,16.21,4197700,67647571.0,-0.7403,3.6724,1,0,none,baostock,query_history_k_data_plus
603286,SHSE.603286,,SH,A股-上交所,2024-08-08,16.0,16.0,15.5,15.84,16.09,4647380,73100884.0,-1.5538,4.0658,1,0,none,baostock,query_history_k_data_plus
603286,SHSE.603286,,SH,A股-上交所,2024-08-09,15.93,16.1,15.74,15.76,15.84,2874300,45680668.0,-0.5051,2.5146,1,0,none,baostock,query_history_k_data_plus
603286,SHSE.603286,,SH,A股-上交所,2024-08-12,15.62,15.94,15.55,15.64,15.76,2608800,40891898.0,-0.7614,2.2823,1,0,none,baostock,query_history_k_data_plus
603286,SHSE.603286,,SH,A股-上交所,2024-08-13,15.38,15.67,15.38,15.67,15.64,2463700,38229804.0,0.1918,2.1554,1,0,none,baostock,query_history_k_data_plus
603286,SHSE.603286,,SH,A股-上交所,2024-08-14,15.59,15.93,15.59,15.82,15.67,2963500,46852286.0,0.9572,2.5926,1,0,none,baostock,query_history_k_data_plus
603286,SHSE.603286,,SH,A股-上交所,2024-08-15,15.82,15.98,15.54,15.85,15.82,3156400,49859753.0,0.1896,2.7614,1,0,none,baostock,query_history_k_data_plus
603286,SHSE.603286,,SH,A股-上交所,2024-08-16,15.85,16.14,15.79,15.99,15.85,3797900,60671791.0,0.8833,3.3226,1,0,none,baostock,query_history_k_data_plus
603286,SHSE.603286,,SH,A股-上交所,2024-08-19,15.7,15.89,15.29,15.3,15.99,4298237,66883504.39,-4.3152,3.7604,1,0,none,baostock,query_history_k_data_plus
603286,SHSE.603286,,SH,A股-上交所,2024-08-20,15.3,15.49,15.06,15.13,15.3,2378400,36133844.0,-1.1111,2.0808,1,0,none,baostock,query_history_k_data_plus
603286,SHSE.603286,,SH,A股-上交所,2024-08-21,15.14,15.41,15.04,15.33,15.13,2204933,33691147.6,1.3219,1.929,1,0,none,baostock,query_history_k_data_plus
603286,SHSE.603286,,SH,A股-上交所,2024-08-22,15.35,15.38,14.84,14.87,15.33,2700900,40621117.0,-3.0007,2.3629,1,0,none,baostock,query_history_k_data_plus
603286,SHSE.603286,,SH,A股-上交所,2024-08-23,14.8,15.09,14.61,14.89,14.87,2374800,35260430.0,0.1345,2.0776,1,0,none,baostock,query_history_k_data_plus
603286,SHSE.603286,,SH,A股-上交所,2024-08-26,14.82,15.02,14.72,14.95,14.89,1882700,28033561.0,0.403,1.6471,1,0,none,baostock,query_history_k_data_plus
603286,SHSE.603286,,SH,A股-上交所,2024-08-27,14.95,14.95,14.6,14.64,14.95,1860800,27413349.0,-2.0736,1.6279,1,0,none,baostock,query_history_k_data_plus
603286,SHSE.603286,,SH,A股-上交所,2024-08-28,14.77,14.87,14.53,14.74,14.64,1704300,25119546.99,0.6831,1.491,1,0,none,baostock,query_history_k_data_plus
603286,SHSE.603286,,SH,A股-上交所,2024-08-29,14.7,15.24,14.58,15.15,14.74,3204700,47910002.0,2.7815,2.8037,1,0,none,baostock,query_history_k_data_plus
603286,SHSE.603286,,SH,A股-上交所,2024-08-30,15.15,15.81,15.07,15.56,15.15,4537700,70491734.0,2.7063,3.9699,1,0,none,baostock,query_history_k_data_plus
603286,SHSE.603286,,SH,A股-上交所,2024-09-02,15.45,15.72,15.22,15.24,15.56,3334300,51688814.0,-2.0566,2.917,1,0,none,baostock,query_history_k_data_plus
603286,SHSE.603286,,SH,A股-上交所,2024-09-03,15.18,15.58,15.16,15.42,15.24,2449800,37758504.0,1.1811,2.1432,1,0,none,baostock,query_history_k_data_plus
603286,SHSE.603286,,SH,A股-上交所,2024-09-04,15.28,15.51,15.15,15.4,15.42,1984233,30404967.87,-0.1297,1.7359,1,0,none,baostock,query_history_k_data_plus
603286,SHSE.603286,,SH,A股-上交所,2024-09-05,15.5,15.98,15.45,15.73,15.4,3867000,60562970.0,2.1429,3.3831,1,0,none,baostock,query_history_k_data_plus
603286,SHSE.603286,,SH,A股-上交所,2024-09-06,15.69,15.89,15.3,15.32,15.73,3484000,54213072.0,-2.6065,3.048,1,0,none,baostock,query_history_k_data_plus
603286,SHSE.603286,,SH,A股-上交所,2024-09-09,15.2,15.82,15.01,15.64,15.32,4166800,64568636.0,2.0888,3.6454,1,0,none,baostock,query_history_k_data_plus
603286,SHSE.603286,,SH,A股-上交所,2024-09-10,15.5,15.66,15.32,15.56,15.64,2246700,34828484.0,-0.5115,1.9655,1,0,none,baostock,query_history_k_data_plus
603286,SHSE.603286,,SH,A股-上交所,2024-09-11,15.53,15.62,15.33,15.36,15.56,1769500,27290950.0,-1.2853,1.5481,1,0,none,baostock,query_history_k_data_plus
603286,SHSE.603286,,SH,A股-上交所,2024-09-12,15.48,15.54,15.23,15.26,15.36,1993500,30736212.0,-0.651,1.744,1,0,none,baostock,query_history_k_data_plus
603286,SHSE.603286,,SH,A股-上交所,2024-09-13,15.24,15.3,14.78,14.78,15.26,2427000,36319339.0,-3.1455,2.1233,1,0,none,baostock,query_history_k_data_plus
603286,SHSE.603286,,SH,A股-上交所,2024-09-18,14.78,14.88,14.46,14.79,14.78,1906000,27934159.0,0.0677,1.6675,1,0,none,baostock,query_history_k_data_plus
603286,SHSE.603286,,SH,A股-上交所,2024-09-19,14.98,15.13,14.8,14.92,14.79,1735124,25961718.76,0.879,1.518,1,0,none,baostock,query_history_k_data_plus
603286,SHSE.603286,,SH,A股-上交所,2024-09-20,14.93,16.18,14.85,15.79,14.92,7660501,119730822.78,5.8311,6.7019,1,0,none,baostock,query_history_k_data_plus
603286,SHSE.603286,,SH,A股-上交所,2024-09-23,15.66,16.5,15.5,16.23,15.79,9041593,144972634.28,2.7866,7.9101,1,0,none,baostock,query_history_k_data_plus
603286,SHSE.603286,,SH,A股-上交所,2024-09-24,15.99,16.36,15.64,16.27,16.23,9418315,150714476.74,0.2465,8.2397,1,0,none,baostock,query_history_k_data_plus
603286,SHSE.603286,,SH,A股-上交所,2024-09-25,16.4,16.6,16.1,16.17,16.27,9011401,147385539.79,-0.6146,7.8837,1,0,none,baostock,query_history_k_data_plus
603286,SHSE.603286,,SH,A股-上交所,2024-09-26,16.13,17.79,16.13,17.79,16.17,14284933,249285362.21,10.0186,12.4973,1,0,none,baostock,query_history_k_data_plus
603286,SHSE.603286,,SH,A股-上交所,2024-09-27,18.5,18.51,17.57,18.28,17.79,17869101,323240774.6,2.7544,15.633,1,0,none,baostock,query_history_k_data_plus
603286,SHSE.603286,,SH,A股-上交所,2024-09-30,18.55,20.11,18.55,20.11,18.28,17788513,346090831.68,10.0109,15.5625,1,0,none,baostock,query_history_k_data_plus
603286,SHSE.603286,,SH,A股-上交所,2024-10-08,21.65,22.12,19.46,22.12,20.11,25167961,540728946.85,9.995,22.0185,1,0,none,baostock,query_history_k_data_plus
603286,SHSE.603286,,SH,A股-上交所,2024-10-09,21.5,22.49,20.01,20.3,22.12,16821742,357936758.53,-8.2278,14.7167,1,0,none,baostock,query_history_k_data_plus
603286,SHSE.603286,,SH,A股-上交所,2024-10-10,20.28,20.72,19.1,19.12,20.3,10269189,202284979.31,-5.8128,8.9841,1,0,none,baostock,query_history_k_data_plus
603286,SHSE.603286,,SH,A股-上交所,2024-10-11,19.28,19.65,18.5,18.57,19.12,8175866,155256985.98,-2.8766,7.1527,1,0,none,baostock,query_history_k_data_plus
603286,SHSE.603286,,SH,A股-上交所,2024-10-14,18.12,18.85,17.8,18.81,18.57,7940871,146054361.15,1.2924,6.9472,1,0,none,baostock,query_history_k_data_plus
603286,SHSE.603286,,SH,A股-上交所,2024-10-15,18.66,18.97,18.18,18.18,18.81,6604280,122672243.0,-3.3493,5.7778,1,0,none,baostock,query_history_k_data_plus
603286,SHSE.603286,,SH,A股-上交所,2024-10-16,17.87,18.37,17.71,18.08,18.18,5308255,95884017.55,-0.5501,4.644,1,0,none,baostock,query_history_k_data_plus
603286,SHSE.603286,,SH,A股-上交所,2024-10-17,18.18,18.48,18.01,18.05,18.08,4858349,88791175.43,-0.1659,4.2504,1,0,none,baostock,query_history_k_data_plus
603286,SHSE.603286,,SH,A股-上交所,2024-10-18,18.0,19.24,17.98,19.0,18.05,9284569,173290975.31,5.2632,8.1227,1,0,none,baostock,query_history_k_data_plus
603286,SHSE.603286,,SH,A股-上交所,2024-10-21,19.1,19.72,18.7,19.67,19.0,9570757,184997880.96,3.5263,8.3731,1,0,none,baostock,query_history_k_data_plus
603286,SHSE.603286,,SH,A股-上交所,2024-10-22,19.7,19.78,19.18,19.41,19.67,6863169,133342732.71,-1.3218,6.0043,1,0,none,baostock,query_history_k_data_plus
603286,SHSE.603286,,SH,A股-上交所,2024-10-23,19.3,19.54,19.09,19.21,19.41,5482369,106030507.98,-1.0304,4.7963,1,0,none,baostock,query_history_k_data_plus
603286,SHSE.603286,,SH,A股-上交所,2024-10-24,19.05,19.39,18.83,19.11,19.21,4227500,80653018.0,-0.5206,3.6985,1,0,none,baostock,query_history_k_data_plus
603286,SHSE.603286,,SH,A股-上交所,2024-10-25,19.23,19.78,19.2,19.63,19.11,6698700,130748555.0,2.7211,5.8604,1,0,none,baostock,query_history_k_data_plus
603286,SHSE.603286,,SH,A股-上交所,2024-10-28,19.69,19.78,19.38,19.59,19.63,5939300,116104586.0,-0.2038,5.1961,1,0,none,baostock,query_history_k_data_plus
603286,SHSE.603286,,SH,A股-上交所,2024-10-29,19.58,19.97,19.3,19.61,19.59,8468200,166580678.0,0.1021,7.4085,1,0,none,baostock,query_history_k_data_plus
603286,SHSE.603286,,SH,A股-上交所,2024-10-30,19.4,20.0,19.22,19.81,19.61,6640931,130262442.99,1.0199,5.8099,1,0,none,baostock,query_history_k_data_plus
603286,SHSE.603286,,SH,A股-上交所,2024-10-31,19.96,20.0,19.55,19.88,19.81,7636100,151127577.0,0.3534,6.6805,1,0,none,baostock,query_history_k_data_plus
603286,SHSE.603286,,SH,A股-上交所,2024-11-01,19.65,19.84,18.29,18.31,19.88,8572500,161809386.0,-7.8974,7.4997,1,0,none,baostock,query_history_k_data_plus
603286,SHSE.603286,,SH,A股-上交所,2024-11-04,18.31,19.29,18.31,19.24,18.31,6119900,116612363.0,5.0792,5.3541,1,0,none,baostock,query_history_k_data_plus
603286,SHSE.603286,,SH,A股-上交所,2024-11-05,19.27,19.73,19.06,19.56,19.24,6234434,121105967.36,1.6632,5.4543,1,0,none,baostock,query_history_k_data_plus
603286,SHSE.603286,,SH,A股-上交所,2024-11-06,19.82,19.9,19.24,19.5,19.56,7103400,139549858.0,-0.3067,6.2145,1,0,none,baostock,query_history_k_data_plus
603286,SHSE.603286,,SH,A股-上交所,2024-11-07,19.69,20.29,19.6,20.2,19.5,9505400,190653626.0,3.5897,8.3159,1,0,none,baostock,query_history_k_data_plus
603286,SHSE.603286,,SH,A股-上交所,2024-11-08,20.5,20.86,20.07,20.11,20.2,10870827,222971354.41,-0.4455,9.5105,1,0,none,baostock,query_history_k_data_plus
603286,SHSE.603286,,SH,A股-上交所,2024-11-11,19.94,20.8,19.93,20.66,20.11,9001100,183903804.0,2.735,7.8747,1,0,none,baostock,query_history_k_data_plus
603286,SHSE.603286,,SH,A股-上交所,2024-11-12,20.66,20.97,20.22,20.44,20.66,8909600,183519727.0,-1.0649,7.7947,1,0,none,baostock,query_history_k_data_plus
603286,SHSE.603286,,SH,A股-上交所,2024-11-13,20.16,20.4,19.66,20.38,20.44,5837200,116942288.0,-0.2935,5.1067,1,0,none,baostock,query_history_k_data_plus
603286,SHSE.603286,,SH,A股-上交所,2024-11-14,20.27,20.34,19.41,19.49,20.38,4822000,95475887.0,-4.367,4.2186,1,0,none,baostock,query_history_k_data_plus
603286,SHSE.603286,,SH,A股-上交所,2024-11-15,19.49,19.63,18.8,18.94,19.49,4537600,87440950.0,-2.822,3.9698,1,0,none,baostock,query_history_k_data_plus
603286,SHSE.603286,,SH,A股-上交所,2024-11-18,19.1,19.18,18.07,18.46,18.94,4559700,84270981.0,-2.5343,3.9891,1,0,none,baostock,query_history_k_data_plus
603286,SHSE.603286,,SH,A股-上交所,2024-11-19,18.58,19.02,18.2,19.0,18.46,4748700,88937010.0,2.9252,4.1545,1,0,none,baostock,query_history_k_data_plus
603286,SHSE.603286,,SH,A股-上交所,2024-11-20,18.88,19.36,18.81,19.29,19.0,3535100,67798070.0,1.5263,3.0927,1,0,none,baostock,query_history_k_data_plus
603286,SHSE.603286,,SH,A股-上交所,2024-11-21,19.18,19.38,18.96,19.27,19.29,2993000,57546583.0,-0.1037,2.6185,1,0,none,baostock,query_history_k_data_plus
603286,SHSE.603286,,SH,A股-上交所,2024-11-22,19.27,19.4,18.16,18.3,19.27,3953200,74566419.0,-5.0337,3.4585,1,0,none,baostock,query_history_k_data_plus
603286,SHSE.603286,,SH,A股-上交所,2024-11-25,18.38,18.75,18.12,18.75,18.3,3313538,61137762.1,2.459,2.8989,1,0,none,baostock,query_history_k_data_plus
603286,SHSE.603286,,SH,A股-上交所,2024-11-26,18.73,18.85,18.31,18.33,18.75,2641480,48848493.4,-2.24,2.3109,1,0,none,baostock,query_history_k_data_plus
603286,SHSE.603286,,SH,A股-上交所,2024-11-27,18.44,18.65,17.71,18.45,18.33,3843000,69441977.0,0.6547,3.3621,1,0,none,baostock,query_history_k_data_plus
603286,SHSE.603286,,SH,A股-上交所,2024-11-28,18.47,19.08,18.35,18.73,18.45,4706380,87614867.4,1.5176,4.1174,1,0,none,baostock,query_history_k_data_plus
603286,SHSE.603286,,SH,A股-上交所,2024-11-29,18.72,19.29,18.48,19.07,18.73,5318400,100556674.0,1.8153,4.6529,1,0,none,baostock,query_history_k_data_plus
603286,SHSE.603286,,SH,A股-上交所,2024-12-02,19.21,19.69,19.21,19.68,19.07,4985000,97032789.0,3.1987,4.3612,1,0,none,baostock,query_history_k_data_plus
603286,SHSE.603286,,SH,A股-上交所,2024-12-03,19.64,20.31,19.53,19.76,19.68,5528500,109702589.0,0.4065,4.8367,1,0,none,baostock,query_history_k_data_plus
603286,SHSE.603286,,SH,A股-上交所,2024-12-04,19.94,20.3,19.6,19.76,19.76,5507700,109891206.0,0.0,4.8185,1,0,none,baostock,query_history_k_data_plus
603286,SHSE.603286,,SH,A股-上交所,2024-12-05,19.78,20.68,19.75,20.26,19.76,7574700,153242171.0,2.5304,6.6268,1,0,none,baostock,query_history_k_data_plus
603286,SHSE.603286,,SH,A股-上交所,2024-12-06,20.38,20.49,19.76,19.9,20.26,6013500,119777697.48,-1.7769,5.261,1,0,none,baostock,query_history_k_data_plus
603286,SHSE.603286,,SH,A股-上交所,2024-12-09,19.9,20.52,19.66,20.42,19.9,8542300,172631065.83,2.6131,7.4733,1,0,none,baostock,query_history_k_data_plus
603286,SHSE.603286,,SH,A股-上交所,2024-12-10,20.73,20.93,20.22,20.75,20.42,10532000,216190618.0,1.6161,9.214,1,0,none,baostock,query_history_k_data_plus
603286,SHSE.603286,,SH,A股-上交所,2024-12-11,20.6,21.13,20.35,21.07,20.75,9325800,193465213.86,1.5422,8.1588,1,0,none,baostock,query_history_k_data_plus
603286,SHSE.603286,,SH,A股-上交所,2024-12-12,21.2,21.8,20.94,21.01,21.07,12233600,260894662.54,-0.2848,10.7027,1,0,none,baostock,query_history_k_data_plus
603286,SHSE.603286,,SH,A股-上交所,2024-12-13,21.01,21.88,20.68,20.96,21.01,10838200,229225223.28,-0.238,9.4819,1,0,none,baostock,query_history_k_data_plus
603286,SHSE.603286,,SH,A股-上交所,2024-12-16,20.8,20.89,20.05,20.24,20.96,8888258,180772641.94,-3.4351,7.776,1,0,none,baostock,query_history_k_data_plus
603286,SHSE.603286,,SH,A股-上交所,2024-12-17,20.39,20.69,19.42,19.54,20.24,6471758,128904288.08,-3.4585,5.6619,1,0,none,baostock,query_history_k_data_plus
603286,SHSE.603286,,SH,A股-上交所,2024-12-18,21.0,21.0,19.3,20.2,19.54,12552500,253328586.0,3.3777,10.9817,1,0,none,baostock,query_history_k_data_plus
603286,SHSE.603286,,SH,A股-上交所,2024-12-19,19.72,20.09,19.33,19.91,20.2,9074400,178443974.0,-1.4356,7.9388,1,0,none,baostock,query_history_k_data_plus
603286,SHSE.603286,,SH,A股-上交所,2024-12-20,19.63,20.82,19.63,20.3,19.91,8082500,163238896.0,1.9588,7.0711,1,0,none,baostock,query_history_k_data_plus
603286,SHSE.603286,,SH,A股-上交所,2024-12-23,20.1,20.23,18.6,18.68,20.3,7323352,141340161.04,-7.9803,6.4069,1,0,none,baostock,query_history_k_data_plus
603286,SHSE.603286,,SH,A股-上交所,2024-12-24,18.73,19.19,18.23,18.7,18.68,4296888,80038451.0,0.1071,3.7592,1,0,none,baostock,query_history_k_data_plus
603286,SHSE.603286,,SH,A股-上交所,2024-12-25,18.6,18.61,17.88,18.11,18.7,3590000,65096102.4,-3.1551,3.1407,1,0,none,baostock,query_history_k_data_plus
603286,SHSE.603286,,SH,A股-上交所,2024-12-26,18.03,18.96,18.03,18.77,18.11,3683810,68722826.3,3.6444,3.2228,1,0,none,baostock,query_history_k_data_plus
603286,SHSE.603286,,SH,A股-上交所,2024-12-27,18.85,19.6,18.68,19.07,18.77,4257410,81804848.5,1.5983,3.7246,1,0,none,baostock,query_history_k_data_plus
603286,SHSE.603286,,SH,A股-上交所,2024-12-30,19.07,19.28,18.46,18.72,19.07,3394100,64043658.0,-1.8353,2.9694,1,0,none,baostock,query_history_k_data_plus
603286,SHSE.603286,,SH,A股-上交所,2024-12-31,18.79,20.59,18.79,19.58,18.72,17302225,347226168.17,4.594,15.137,1,0,none,baostock,query_history_k_data_plus
603286,SHSE.603286,,SH,A股-上交所,2025-01-02,19.0,19.42,18.51,18.8,19.58,11162704,211845584.8,-3.9837,9.7658,1,0,none,baostock,query_history_k_data_plus
603286,SHSE.603286,,SH,A股-上交所,2025-01-03,19.37,20.5,17.79,17.88,18.8,10318804,194493703.47,-4.8936,9.0275,1,0,none,baostock,query_history_k_data_plus
603286,SHSE.603286,,SH,A股-上交所,2025-01-06,17.58,17.86,16.6,17.3,17.88,6770504,117539728.48,-3.2438,5.9232,1,0,none,baostock,query_history_k_data_plus
603286,SHSE.603286,,SH,A股-上交所,2025-01-07,17.45,17.76,17.22,17.66,17.3,5081615,88894718.5,2.0809,4.4457,1,0,none,baostock,query_history_k_data_plus
603286,SHSE.603286,,SH,A股-上交所,2025-01-08,17.54,17.54,16.77,17.32,17.66,4666738,80265225.9,-1.9253,4.0827,1,0,none,baostock,query_history_k_data_plus
603286,SHSE.603286,,SH,A股-上交所,2025-01-09,17.33,17.68,17.23,17.47,17.32,3506904,61347903.0,0.8661,3.0681,1,0,none,baostock,query_history_k_data_plus
603286,SHSE.603286,,SH,A股-上交所,2025-01-10,17.5,19.02,17.31,17.6,17.47,7416400,133877372.0,0.7441,6.4883,1,0,none,baostock,query_history_k_data_plus
603286,SHSE.603286,,SH,A股-上交所,2025-01-13,17.2,17.68,16.8,17.33,17.6,4314840,74390157.4,-1.5341,3.7749,1,0,none,baostock,query_history_k_data_plus
603286,SHSE.603286,,SH,A股-上交所,2025-01-14,17.51,19.0,17.46,18.87,17.33,7862338,144703191.4,8.8863,6.8784,1,0,none,baostock,query_history_k_data_plus
603286,SHSE.603286,,SH,A股-上交所,2025-01-15,18.8,18.95,18.35,18.51,18.87,4580900,85419601.0,-1.9078,4.0076,1,0,none,baostock,query_history_k_data_plus
603286,SHSE.603286,,SH,A股-上交所,2025-01-16,18.6,19.4,18.47,18.79,18.51,5727000,107574617.0,1.5127,5.0103,1,0,none,baostock,query_history_k_data_plus
603286,SHSE.603286,,SH,A股-上交所,2025-01-17,18.51,18.83,18.29,18.51,18.79,3517900,65200052.0,-1.4902,3.0777,1,0,none,baostock,query_history_k_data_plus
603286,SHSE.603286,,SH,A股-上交所,2025-01-20,18.68,19.0,18.46,18.82,18.51,4423480,83195472.4,1.6748,3.8699,1,0,none,baostock,query_history_k_data_plus
603286,SHSE.603286,,SH,A股-上交所,2025-01-21,18.82,19.27,18.73,19.16,18.82,5207680,99105925.6,1.8066,4.556,1,0,none,baostock,query_history_k_data_plus
603286,SHSE.603286,,SH,A股-上交所,2025-01-22,19.24,20.7,18.93,20.0,19.16,11293100,224738837.0,4.3841,9.8799,1,0,none,baostock,query_history_k_data_plus
603286,SHSE.603286,,SH,A股-上交所,2025-01-23,22.0,22.0,21.9,22.0,20.0,16102300,354248971.0,10.0,14.0873,1,0,none,baostock,query_history_k_data_plus
603286,SHSE.603286,,SH,A股-上交所,2025-01-24,23.44,24.2,20.7,24.2,22.0,39067418,888063043.0,10.0,34.1785,1,0,none,baostock,query_history_k_data_plus
603286,SHSE.603286,,SH,A股-上交所,2025-01-27,22.5,23.0,21.78,21.78,24.2,10783300,237417880.0,-10.0,9.4339,1,0,none,baostock,query_history_k_data_plus
603286,SHSE.603286,,SH,A股-上交所,2025-02-05,20.98,22.42,19.6,21.58,21.78,27419719,568445252.53,-0.9183,23.9884,1,0,none,baostock,query_history_k_data_plus
603286,SHSE.603286,,SH,A股-上交所,2025-02-06,21.06,23.56,21.01,23.16,21.58,27798998,625554423.62,7.3216,24.3202,1,0,none,baostock,query_history_k_data_plus
603286,SHSE.603286,,SH,A股-上交所,2025-02-07,22.7,23.59,22.27,22.78,23.16,24993510,567031229.5,-1.6408,21.8658,1,0,none,baostock,query_history_k_data_plus
603286,SHSE.603286,,SH,A股-上交所,2025-02-10,22.4,23.56,22.23,23.39,22.78,16624400,382326179.0,2.6778,14.544,1,0,none,baostock,query_history_k_data_plus
603286,SHSE.603286,,SH,A股-上交所,2025-02-11,24.2,25.73,23.56,25.73,23.39,24758516,608068908.68,10.0043,21.6602,1,0,none,baostock,query_history_k_data_plus
603286,SHSE.603286,,SH,A股-上交所,2025-02-12,24.6,26.39,24.51,26.31,25.73,25102280,638844470.52,2.2542,21.961,1,0,none,baostock,query_history_k_data_plus
603286,SHSE.603286,,SH,A股-上交所,2025-02-13,25.82,25.9,23.99,24.06,26.31,18906110,469019652.92,-8.5519,16.5402,1,0,none,baostock,query_history_k_data_plus
603286,SHSE.603286,,SH,A股-上交所,2025-02-14,23.95,25.47,23.77,24.41,24.06,14986767,368828124.03,1.4547,13.1113,1,0,none,baostock,query_history_k_data_plus
603286,SHSE.603286,,SH,A股-上交所,2025-02-17,24.42,26.85,24.42,26.85,24.41,29788571,777473359.26,9.9959,26.0608,1,0,none,baostock,query_history_k_data_plus
603286,SHSE.603286,,SH,A股-上交所,2025-02-18,26.8,28.5,26.46,27.1,26.85,25991420,718238844.16,0.9311,22.7389,1,0,none,baostock,query_history_k_data_plus
603286,SHSE.603286,,SH,A股-上交所,2025-02-19,26.72,29.81,26.72,29.81,27.1,12281690,355758119.78,10.0,10.7448,1,0,none,baostock,query_history_k_data_plus
603286,SHSE.603286,,SH,A股-上交所,2025-02-20,30.87,32.34,30.0,31.33,29.81,21950230,682553833.5,5.099,19.2034,1,0,none,baostock,query_history_k_data_plus
603286,SHSE.603286,,SH,A股-上交所,2025-02-21,30.85,32.69,30.51,31.35,31.33,17653330,552794068.0,0.0638,15.4442,1,0,none,baostock,query_history_k_data_plus
603286,SHSE.603286,,SH,A股-上交所,2025-02-24,30.89,30.89,28.32,29.89,31.35,15009660,444129557.36,-4.6571,13.1314,1,0,none,baostock,query_history_k_data_plus
603286,SHSE.603286,,SH,A股-上交所,2025-02-25,29.02,32.13,29.02,30.85,29.89,14031100,433360935.0,3.2118,12.2753,1,0,none,baostock,query_history_k_data_plus
603286,SHSE.603286,,SH,A股-上交所,2025-02-26,31.07,32.89,30.22,31.15,30.85,16710348,526959861.8,0.9724,14.6192,1,0,none,baostock,query_history_k_data_plus
603286,SHSE.603286,,SH,A股-上交所,2025-02-27,30.6,31.86,29.26,30.31,31.15,14225560,434719990.8,-2.6966,12.4454,1,0,none,baostock,query_history_k_data_plus
603286,SHSE.603286,,SH,A股-上交所,2025-02-28,30.57,30.7,27.81,28.29,30.31,13258848,381591954.12,-6.6645,11.5996,1,0,none,baostock,query_history_k_data_plus
603286,SHSE.603286,,SH,A股-上交所,2025-03-03,28.7,29.18,27.94,28.14,28.29,7780230,222043164.8,-0.5302,6.8066,1,0,none,baostock,query_history_k_data_plus
603286,SHSE.603286,,SH,A股-上交所,2025-03-04,28.44,30.07,28.21,28.97,28.14,8716402,254159183.1,2.9495,7.6256,1,0,none,baostock,query_history_k_data_plus
603286,SHSE.603286,,SH,A股-上交所,2025-03-05,29.15,31.8,29.15,30.95,28.97,14422638,443132777.84,6.8347,12.6178,1,0,none,baostock,query_history_k_data_plus
603286,SHSE.603286,,SH,A股-上交所,2025-03-06,31.11,34.05,30.8,34.05,30.95,7451408,245510599.42,10.0162,6.5189,1,0,none,baostock,query_history_k_data_plus
603286,SHSE.603286,,SH,A股-上交所,2025-03-07,34.27,36.99,33.98,34.88,34.05,18324130,649651417.4,2.4376,16.0311,1,0,none,baostock,query_history_k_data_plus
603286,SHSE.603286,,SH,A股-上交所,2025-03-10,34.88,35.48,34.0,34.48,34.88,11626058,403321978.56,-1.1468,10.1712,1,0,none,baostock,query_history_k_data_plus
603286,SHSE.603286,,SH,A股-上交所,2025-03-11,33.5,34.94,32.75,33.67,34.48,10828865,364210154.6,-2.3492,9.4737,1,0,none,baostock,query_history_k_data_plus
603286,SHSE.603286,,SH,A股-上交所,2025-03-12,34.8,36.24,34.0,34.97,33.67,14212458,502711969.22,3.861,12.4339,1,0,none,baostock,query_history_k_data_plus
603286,SHSE.603286,,SH,A股-上交所,2025-03-13,34.5,35.4,31.8,32.5,34.97,12135000,400738151.0,-7.0632,10.6164,1,0,none,baostock,query_history_k_data_plus
603286,SHSE.603286,,SH,A股-上交所,2025-03-14,32.4,33.88,31.71,33.58,32.5,11209385,370367234.6,3.3231,9.8066,1,0,none,baostock,query_history_k_data_plus
603286,SHSE.603286,,SH,A股-上交所,2025-03-17,33.79,35.1,32.82,34.74,33.58,10757440,366045561.6,3.4544,9.4113,1,0,none,baostock,query_history_k_data_plus
603286,SHSE.603286,,SH,A股-上交所,2025-03-18,35.0,35.35,34.17,34.76,34.74,7482700,259474041.0,0.0576,6.5463,1,0,none,baostock,query_history_k_data_plus
603286,SHSE.603286,,SH,A股-上交所,2025-03-19,34.3,34.99,33.33,34.37,34.76,6119100,209356439.0,-1.122,5.3534,1,0,none,baostock,query_history_k_data_plus
603286,SHSE.603286,,SH,A股-上交所,2025-03-20,34.5,36.5,33.8,35.85,34.37,12867420,457390509.0,4.3061,11.2572,1,0,none,baostock,query_history_k_data_plus
603286,SHSE.603286,,SH,A股-上交所,2025-03-21,35.9,35.9,32.27,32.27,35.85,14044110,464268082.7,-9.9861,12.2866,1,0,none,baostock,query_history_k_data_plus
603286,SHSE.603286,,SH,A股-上交所,2025-03-24,31.91,32.39,30.05,31.44,32.27,11085428,345940821.24,-2.572,9.6982,1,0,none,baostock,query_history_k_data_plus
603286,SHSE.603286,,SH,A股-上交所,2025-03-25,31.44,31.8,29.77,29.95,31.44,7088648,216146026.24,-4.7392,6.2016,1,0,none,baostock,query_history_k_data_plus
603286,SHSE.603286,,SH,A股-上交所,2025-03-26,30.0,31.56,29.47,30.67,29.95,6454500,199705699.0,2.404,5.6468,1,0,none,baostock,query_history_k_data_plus
603286,SHSE.603286,,SH,A股-上交所,2025-03-27,30.44,31.97,29.74,31.47,30.67,7980800,247670668.3,2.6084,6.9821,1,0,none,baostock,query_history_k_data_plus
603286,SHSE.603286,,SH,A股-上交所,2025-03-28,30.95,31.5,29.9,30.06,31.47,5842000,179014070.0,-4.4805,5.1109,1,0,none,baostock,query_history_k_data_plus
603286,SHSE.603286,,SH,A股-上交所,2025-03-31,30.72,32.43,29.42,32.07,30.06,15429010,479550114.0,6.6866,13.4982,1,0,none,baostock,query_history_k_data_plus
603286,SHSE.603286,,SH,A股-上交所,2025-04-01,32.38,32.47,31.55,31.95,32.07,6232400,199298985.0,-0.3742,5.4525,1,0,none,baostock,query_history_k_data_plus
603286,SHSE.603286,,SH,A股-上交所,2025-04-02,32.58,34.18,31.68,32.96,31.95,10212038,337289732.78,3.1612,8.9341,1,0,none,baostock,query_history_k_data_plus
603286,SHSE.603286,,SH,A股-上交所,2025-04-03,31.75,32.96,30.39,30.48,32.96,9206985,289036007.1,-7.5243,8.0548,1,0,none,baostock,query_history_k_data_plus
603286,SHSE.603286,,SH,A股-上交所,2025-04-07,27.9,28.33,27.43,27.43,30.48,4816600,132481530.0,-10.0066,4.2139,1,0,none,baostock,query_history_k_data_plus
603286,SHSE.603286,,SH,A股-上交所,2025-04-08,25.69,27.0,24.69,24.69,27.43,6980800,176124423.15,-9.9891,6.1072,1,0,none,baostock,query_history_k_data_plus
603286,SHSE.603286,,SH,A股-上交所,2025-04-09,24.69,25.25,22.22,24.86,24.69,12850210,304077829.2,0.6885,11.2421,1,0,none,baostock,query_history_k_data_plus
603286,SHSE.603286,,SH,A股-上交所,2025-04-10,25.88,27.35,25.25,26.16,24.86,12719810,338340692.4,5.2293,11.1281,1,0,none,baostock,query_history_k_data_plus
603286,SHSE.603286,,SH,A股-上交所,2025-04-11,26.0,27.77,25.79,27.17,26.16,9855300,266486837.0,3.8609,8.622,1,0,none,baostock,query_history_k_data_plus
603286,SHSE.603286,,SH,A股-上交所,2025-04-14,27.91,28.08,26.99,27.03,27.17,6659610,183233919.0,-0.5153,5.8262,1,0,none,baostock,query_history_k_data_plus
603286,SHSE.603286,,SH,A股-上交所,2025-04-15,27.0,27.5,26.49,27.08,27.03,5099700,137237866.0,0.185,4.4615,1,0,none,baostock,query_history_k_data_plus
603286,SHSE.603286,,SH,A股-上交所,2025-04-16,27.08,27.08,25.3,25.68,27.08,5349600,138883533.0,-5.1699,4.6802,1,0,none,baostock,query_history_k_data_plus
603286,SHSE.603286,,SH,A股-上交所,2025-04-17,25.25,26.3,25.25,25.7,25.68,3113100,80762302.0,0.0779,2.7235,1,0,none,baostock,query_history_k_data_plus
603286,SHSE.603286,,SH,A股-上交所,2025-04-18,25.52,26.1,25.3,25.77,25.7,2323300,59496612.0,0.2724,2.0326,1,0,none,baostock,query_history_k_data_plus
603286,SHSE.603286,,SH,A股-上交所,2025-04-21,25.65,28.09,25.24,27.8,25.77,8490932,230674090.84,7.8774,7.4284,1,0,none,baostock,query_history_k_data_plus
603286,SHSE.603286,,SH,A股-上交所,2025-04-22,27.68,28.6,27.07,27.27,27.8,5457300,151092539.0,-1.9065,4.7744,1,0,none,baostock,query_history_k_data_plus
603286,SHSE.603286,,SH,A股-上交所,2025-04-23,27.8,28.99,27.36,28.46,27.27,7721100,218831691.0,4.3638,6.7549,1,0,none,baostock,query_history_k_data_plus
603286,SHSE.603286,,SH,A股-上交所,2025-04-24,28.48,28.96,27.72,27.96,28.46,5560940,156999159.2,-1.7569,4.865,1,0,none,baostock,query_history_k_data_plus
603286,SHSE.603286,,SH,A股-上交所,2025-04-25,28.48,30.35,28.07,29.71,27.96,10758260,317983795.0,6.2589,9.412,1,0,none,baostock,query_history_k_data_plus
603286,SHSE.603286,,SH,A股-上交所,2025-04-28,29.0,29.84,28.56,28.79,29.71,6990560,203017631.2,-3.0966,6.1158,1,0,none,baostock,query_history_k_data_plus
603286,SHSE.603286,,SH,A股-上交所,2025-04-29,28.34,31.67,28.15,31.67,28.79,19765180,613664529.8,10.0035,17.2918,1,0,none,baostock,query_history_k_data_plus
603286,SHSE.603286,,SH,A股-上交所,2025-04-30,32.13,34.59,31.24,33.7,31.67,19801200,646684790.2,6.4099,17.3233,1,0,none,baostock,query_history_k_data_plus
603286,SHSE.603286,,SH,A股-上交所,2025-05-06,34.37,37.07,34.37,37.07,33.7,17203249,611487528.43,10.0,15.0504,1,0,none,baostock,query_history_k_data_plus
603286,SHSE.603286,,SH,A股-上交所,2025-05-07,37.5,38.33,34.72,35.05,37.07,21306709,774945866.2,-5.4492,18.6404,1,0,none,baostock,query_history_k_data_plus
603286,SHSE.603286,,SH,A股-上交所,2025-05-08,35.06,36.35,34.65,35.4,35.05,11957400,423839935.0,0.9986,10.4611,1,0,none,baostock,query_history_k_data_plus
603286,SHSE.603286,,SH,A股-上交所,2025-05-09,35.3,36.46,33.6,33.67,35.37,11484100,395938957.0,-4.8063,10.047,1,0,none,baostock,query_history_k_data_plus
603286,SHSE.603286,,SH,A股-上交所,2025-05-12,34.35,37.04,33.91,37.04,33.67,13078300,471052311.0,10.0089,11.4417,1,0,none,baostock,query_history_k_data_plus
603286,SHSE.603286,,SH,A股-上交所,2025-05-13,37.44,38.6,35.98,36.29,37.04,16164901,597251981.11,-2.0248,14.142,1,0,none,baostock,query_history_k_data_plus
603286,SHSE.603286,,SH,A股-上交所,2025-05-14,36.54,36.7,34.7,35.01,36.29,9404400,332026994.0,-3.5271,8.2275,1,0,none,baostock,query_history_k_data_plus
603286,SHSE.603286,,SH,A股-上交所,2025-05-15,35.35,35.35,34.0,34.71,35.01,7578100,262309625.0,-0.8569,6.6298,1,0,none,baostock,query_history_k_data_plus
603286,SHSE.603286,,SH,A股-上交所,2025-05-16,34.37,38.18,34.14,38.18,34.71,15828500,589452927.0,9.9971,13.8477,1,0,none,baostock,query_history_k_data_plus
603286,SHSE.603286,,SH,A股-上交所,2025-05-19,38.4,38.6,34.39,34.54,38.18,24073500,849295072.0,-9.5338,21.061,1,0,none,baostock,query_history_k_data_plus
603286,SHSE.603286,,SH,A股-上交所,2025-05-20,34.5,34.73,33.2,33.78,34.54,10980180,371599480.4,-2.2003,9.6061,1,0,none,baostock,query_history_k_data_plus
603286,SHSE.603286,,SH,A股-上交所,2025-05-21,33.65,34.25,32.6,33.24,33.78,10303500,342090833.0,-1.5986,9.0141,1,0,none,baostock,query_history_k_data_plus
603286,SHSE.603286,,SH,A股-上交所,2025-05-22,33.06,33.81,32.39,32.52,33.24,7101600,234171224.0,-2.1661,6.2129,1,0,none,baostock,query_history_k_data_plus
603286,SHSE.603286,,SH,A股-上交所,2025-05-23,32.52,34.3,31.7,33.28,32.52,11257600,373697323.0,2.337,9.8488,1,0,none,baostock,query_history_k_data_plus
603286,SHSE.603286,,SH,A股-上交所,2025-05-26,33.3,33.38,32.04,32.4,33.28,6370500,207290559.0,-2.6442,5.5733,1,0,none,baostock,query_history_k_data_plus
603286,SHSE.603286,,SH,A股-上交所,2025-05-27,32.44,32.7,31.28,32.05,32.4,5081200,162118595.0,-1.0802,4.4453,1,0,none,baostock,query_history_k_data_plus
603286,SHSE.603286,,SH,A股-上交所,2025-05-28,31.85,33.8,31.85,32.67,32.05,7362966,240751685.94,1.9345,6.4416,1,0,none,baostock,query_history_k_data_plus
603286,SHSE.603286,,SH,A股-上交所,2025-05-29,32.52,33.58,32.4,32.69,32.67,5864800,193203152.0,0.0612,5.1309,1,0,none,baostock,query_history_k_data_plus
603286,SHSE.603286,,SH,A股-上交所,2025-05-30,32.42,32.5,30.4,30.67,32.69,8293200,257824542.0,-6.1793,7.2554,1,0,none,baostock,query_history_k_data_plus
603286,SHSE.603286,,SH,A股-上交所,2025-06-03,30.68,31.49,30.37,31.01,30.67,4282800,132512244.0,1.1086,3.7469,1,0,none,baostock,query_history_k_data_plus
603286,SHSE.603286,,SH,A股-上交所,2025-06-04,31.39,31.75,30.85,31.08,31.01,3478500,108483942.0,0.2257,3.0432,1,0,none,baostock,query_history_k_data_plus
603286,SHSE.603286,,SH,A股-上交所,2025-06-05,30.89,31.59,30.6,31.29,31.08,4350800,135568243.08,0.6757,3.8063,1,0,none,baostock,query_history_k_data_plus
603286,SHSE.603286,,SH,A股-上交所,2025-06-06,31.08,31.25,30.36,31.0,31.29,3821300,117878316.0,-0.9268,3.3305,1,0,none,baostock,query_history_k_data_plus
603286,SHSE.603286,,SH,A股-上交所,2025-06-09,30.99,31.73,30.66,30.72,31.0,5568700,172645769.0,-0.9032,4.8535,1,0,none,baostock,query_history_k_data_plus
603286,SHSE.603286,,SH,A股-上交所,2025-06-10,30.72,30.87,29.32,29.76,30.72,5874298,175642697.52,-3.125,5.1198,1,0,none,baostock,query_history_k_data_plus
603286,SHSE.603286,,SH,A股-上交所,2025-06-11,29.86,30.09,29.52,29.55,29.76,3451600,102952605.0,-0.7056,3.0083,1,0,none,baostock,query_history_k_data_plus
603286,SHSE.603286,,SH,A股-上交所,2025-06-12,29.6,29.84,29.2,29.61,29.55,2915000,86277586.0,0.203,2.5406,1,0,none,baostock,query_history_k_data_plus
603286,SHSE.603286,,SH,A股-上交所,2025-06-13,29.27,29.6,28.35,28.5,29.61,3994900,115053928.0,-3.7487,3.4818,1,0,none,baostock,query_history_k_data_plus
603286,SHSE.603286,,SH,A股-上交所,2025-06-16,28.2,29.17,28.2,28.72,28.5,2871100,82675960.0,0.7719,2.5024,1,0,none,baostock,query_history_k_data_plus
603286,SHSE.603286,,SH,A股-上交所,2025-06-17,28.7,29.03,28.31,28.6,28.72,2508300,71699222.0,-0.4178,2.1862,1,0,none,baostock,query_history_k_data_plus
603286,SHSE.603286,,SH,A股-上交所,2025-06-18,28.37,29.17,27.91,28.94,28.6,4633600,132163745.0,1.1888,4.0385,1,0,none,baostock,query_history_k_data_plus
603286,SHSE.603286,,SH,A股-上交所,2025-06-19,29.1,29.88,28.61,28.81,28.94,6638900,194028417.0,-0.4492,5.7862,1,0,none,baostock,query_history_k_data_plus
603286,SHSE.603286,,SH,A股-上交所,2025-06-20,28.56,28.94,27.5,27.81,28.81,6189600,173382149.0,-3.471,5.3946,1,0,none,baostock,query_history_k_data_plus
603286,SHSE.603286,,SH,A股-上交所,2025-06-23,27.95,28.09,27.2,27.36,27.81,4546300,124865129.0,-1.6181,3.9624,1,0,none,baostock,query_history_k_data_plus
603286,SHSE.603286,,SH,A股-上交所,2025-06-24,27.82,29.38,27.82,28.93,27.36,9293700,268137494.0,5.7383,8.1001,1,0,none,baostock,query_history_k_data_plus
603286,SHSE.603286,,SH,A股-上交所,2025-06-25,28.62,29.5,28.59,29.47,28.93,7530100,219562793.0,1.8666,6.563,1,0,none,baostock,query_history_k_data_plus
603286,SHSE.603286,,SH,A股-上交所,2025-06-26,29.47,30.4,29.2,30.0,29.47,7878100,236859315.0,1.7984,6.8663,1,0,none,baostock,query_history_k_data_plus
603286,SHSE.603286,,SH,A股-上交所,2025-06-27,30.68,30.68,29.4,29.65,30.0,6469500,192310867.0,-1.1667,5.6386,1,0,none,baostock,query_history_k_data_plus
603286,SHSE.603286,,SH,A股-上交所,2025-06-30,29.63,30.27,29.4,29.78,29.65,3666600,109705316.0,0.4384,3.1957,1,0,none,baostock,query_history_k_data_plus
603286,SHSE.603286,,SH,A股-上交所,2025-07-01,29.79,30.1,29.33,29.44,29.78,3667500,108582698.0,-1.1417,3.1965,1,0,none,baostock,query_history_k_data_plus
603286,SHSE.603286,,SH,A股-上交所,2025-07-02,29.37,29.44,28.5,28.8,29.44,3385100,97679917.0,-2.1739,2.9503,1,0,none,baostock,query_history_k_data_plus
603286,SHSE.603286,,SH,A股-上交所,2025-07-03,29.05,29.45,28.75,29.21,28.8,3120200,90985194.0,1.4236,2.7195,1,0,none,baostock,query_history_k_data_plus
603286,SHSE.603286,,SH,A股-上交所,2025-07-04,29.38,29.39,28.73,28.83,29.21,2886500,83645526.0,-1.3009,2.5158,1,0,none,baostock,query_history_k_data_plus
603286,SHSE.603286,,SH,A股-上交所,2025-07-07,28.7,28.7,27.2,27.99,28.83,5499000,152422215.0,-2.9136,4.7927,1,0,none,baostock,query_history_k_data_plus
603286,SHSE.603286,,SH,A股-上交所,2025-07-08,28.0,28.49,27.78,28.16,27.99,3648100,102970368.0,0.6074,3.1796,1,0,none,baostock,query_history_k_data_plus
603286,SHSE.603286,,SH,A股-上交所,2025-07-09,28.18,28.75,27.54,27.58,28.16,5663300,158657628.0,-2.0597,4.9069,1,0,none,baostock,query_history_k_data_plus
603286,SHSE.603286,,SH,A股-上交所,2025-07-10,27.51,27.51,26.95,27.23,27.58,3656600,99474338.0,-1.269,3.1682,1,0,none,baostock,query_history_k_data_plus
603286,SHSE.603286,,SH,A股-上交所,2025-07-11,27.2,28.17,27.08,27.91,27.23,4568700,126278941.0,2.4972,3.9585,1,0,none,baostock,query_history_k_data_plus
603286,SHSE.603286,,SH,A股-上交所,2025-07-14,27.97,28.75,27.7,28.56,27.91,4897800,138920350.0,2.3289,4.2436,1,0,none,baostock,query_history_k_data_plus
603286,SHSE.603286,,SH,A股-上交所,2025-07-15,28.3,28.4,27.72,28.2,28.56,3280700,91992746.0,-1.2605,2.8425,1,0,none,baostock,query_history_k_data_plus
603286,SHSE.603286,,SH,A股-上交所,2025-07-16,28.31,30.18,28.2,29.65,28.2,9579700,282529483.0,5.1418,8.3002,1,0,none,baostock,query_history_k_data_plus
603286,SHSE.603286,,SH,A股-上交所,2025-07-17,29.57,30.3,28.72,29.63,29.65,5923300,175152436.0,-0.0675,5.1322,1,0,none,baostock,query_history_k_data_plus
603286,SHSE.603286,,SH,A股-上交所,2025-07-18,29.78,30.03,28.76,29.1,29.63,8332100,243287753.8,-1.7887,7.2193,1,0,none,baostock,query_history_k_data_plus
603286,SHSE.603286,,SH,A股-上交所,2025-07-21,29.1,29.6,28.67,28.7,29.1,5557700,161589383.0,-1.3746,4.8154,1,0,none,baostock,query_history_k_data_plus
603286,SHSE.603286,,SH,A股-上交所,2025-07-22,28.87,28.87,28.03,28.18,28.7,3884600,109964511.0,-1.8118,3.3658,1,0,none,baostock,query_history_k_data_plus
603286,SHSE.603286,,SH,A股-上交所,2025-07-23,28.01,28.05,27.61,27.96,28.18,3317118,92272602.4,-0.7807,2.8741,1,0,none,baostock,query_history_k_data_plus
603286,SHSE.603286,,SH,A股-上交所,2025-07-24,27.92,28.72,27.84,28.26,27.96,3674890,103925155.0,1.073,3.1841,1,0,none,baostock,query_history_k_data_plus
603286,SHSE.603286,,SH,A股-上交所,2025-07-25,28.28,29.15,28.27,29.05,28.26,5827100,167324602.0,2.7955,5.0488,1,0,none,baostock,query_history_k_data_plus
603286,SHSE.603286,,SH,A股-上交所,2025-07-28,29.2,30.58,29.09,29.89,29.05,11620300,349938503.0,2.8916,10.0683,1,0,none,baostock,query_history_k_data_plus
603286,SHSE.603286,,SH,A股-上交所,2025-07-29,30.45,30.45,29.0,29.14,29.89,6501000,190816569.0,-2.5092,5.6327,1,0,none,baostock,query_history_k_data_plus
603286,SHSE.603286,,SH,A股-上交所,2025-07-30,29.16,29.16,28.01,28.32,29.14,5254900,149592482.0,-2.814,4.5531,1,0,none,baostock,query_history_k_data_plus
603286,SHSE.603286,,SH,A股-上交所,2025-07-31,28.0,29.1,27.82,27.97,28.32,3810900,107858176.0,-1.2359,3.3019,1,0,none,baostock,query_history_k_data_plus
603286,SHSE.603286,,SH,A股-上交所,2025-08-01,28.5,30.77,28.5,30.77,27.97,21244200,647013411.19,10.0107,18.4068,1,0,none,baostock,query_history_k_data_plus
603286,SHSE.603286,,SH,A股-上交所,2025-08-04,30.81,33.85,30.81,33.85,30.77,24430132,790417395.2,10.0097,21.1672,1,0,none,baostock,query_history_k_data_plus
603286,SHSE.603286,,SH,A股-上交所,2025-08-05,34.0,35.79,33.2,33.6,33.85,26968102,921715803.2,-0.7386,23.3662,1,0,none,baostock,query_history_k_data_plus
603286,SHSE.603286,,SH,A股-上交所,2025-08-06,33.33,34.4,32.03,34.4,33.6,20212192,675759181.76,2.381,17.5126,1,0,none,baostock,query_history_k_data_plus
603286,SHSE.603286,,SH,A股-上交所,2025-08-07,34.06,34.06,32.76,33.41,34.4,12937100,430915884.0,-2.8779,11.2092,1,0,none,baostock,query_history_k_data_plus
603286,SHSE.603286,,SH,A股-上交所,2025-08-08,33.0,33.48,32.11,32.41,33.41,10266993,334687264.92,-2.9931,8.8957,1,0,none,baostock,query_history_k_data_plus
603286,SHSE.603286,,SH,A股-上交所,2025-08-11,32.6,33.28,32.25,33.06,32.41,9156950,299983969.0,2.0056,7.9339,1,0,none,baostock,query_history_k_data_plus
603286,SHSE.603286,,SH,A股-上交所,2025-08-12,33.15,33.15,32.5,32.74,33.06,6651800,217927065.0,-0.9679,5.7634,1,0,none,baostock,query_history_k_data_plus
603286,SHSE.603286,,SH,A股-上交所,2025-08-13,32.75,35.47,32.62,35.23,32.74,15838770,539665307.0,7.6054,13.7233,1,0,none,baostock,query_history_k_data_plus
603286,SHSE.603286,,SH,A股-上交所,2025-08-14,34.58,34.8,33.48,33.78,35.23,10631020,362037692.5,-4.1158,9.2111,1,0,none,baostock,query_history_k_data_plus
603286,SHSE.603286,,SH,A股-上交所,2025-08-15,33.38,34.3,33.34,34.05,33.78,6878100,233502566.0,0.7993,5.9595,1,0,none,baostock,query_history_k_data_plus
603286,SHSE.603286,,SH,A股-上交所,2025-08-18,34.32,34.68,33.6,33.81,34.05,8048900,272927351.0,-0.7048,6.9739,1,0,none,baostock,query_history_k_data_plus
603286,SHSE.603286,,SH,A股-上交所,2025-08-19,33.6,35.44,32.8,34.48,33.81,11747270,399186188.9,1.9817,10.1783,1,0,none,baostock,query_history_k_data_plus
603286,SHSE.603286,,SH,A股-上交所,2025-08-20,34.25,36.8,34.0,35.02,34.48,9677700,341543723.0,1.5661,8.3851,1,0,none,baostock,query_history_k_data_plus
603286,SHSE.603286,,SH,A股-上交所,2025-08-21,35.08,36.74,34.79,35.16,35.02,11652799,415923472.71,0.3998,10.0964,1,0,none,baostock,query_history_k_data_plus
603286,SHSE.603286,,SH,A股-上交所,2025-08-22,35.5,36.89,35.18,35.74,35.16,10012260,359406286.68,1.6496,8.675,1,0,none,baostock,query_history_k_data_plus
603286,SHSE.603286,,SH,A股-上交所,2025-08-25,36.24,38.6,36.24,37.43,35.74,13854358,519089578.2,4.7286,12.004,1,0,none,baostock,query_history_k_data_plus
603286,SHSE.603286,,SH,A股-上交所,2025-08-26,36.93,36.98,35.3,35.38,37.43,9878200,354413415.0,-5.4769,8.5589,1,0,none,baostock,query_history_k_data_plus
603286,SHSE.603286,,SH,A股-上交所,2025-08-27,35.09,35.7,34.01,34.01,35.38,7815028,272881926.28,-3.8722,6.7713,1,0,none,baostock,query_history_k_data_plus
603286,SHSE.603286,,SH,A股-上交所,2025-08-28,34.0,34.0,31.0,32.45,34.01,11410900,368664285.0,-4.5869,9.8869,1,0,none,baostock,query_history_k_data_plus
603286,SHSE.603286,,SH,A股-上交所,2025-08-29,32.29,32.61,31.53,32.04,32.45,5338550,171283798.5,-1.2635,4.6255,1,0,none,baostock,query_history_k_data_plus
603286,SHSE.603286,,SH,A股-上交所,2025-09-01,32.05,33.06,31.74,31.95,32.04,5349700,172405649.0,-0.2809,4.6352,1,0,none,baostock,query_history_k_data_plus
603286,SHSE.603286,,SH,A股-上交所,2025-09-02,32.0,32.85,30.29,32.13,31.95,9234700,292029875.0,0.5634,8.0013,1,0,none,baostock,query_history_k_data_plus
603286,SHSE.603286,,SH,A股-上交所,2025-09-03,32.1,32.4,30.52,30.57,32.13,5887200,183859481.0,-4.8553,5.1009,1,0,none,baostock,query_history_k_data_plus
603286,SHSE.603286,,SH,A股-上交所,2025-09-04,30.58,31.29,29.61,30.2,30.57,5431870,166089285.2,-1.2103,4.7064,1,0,none,baostock,query_history_k_data_plus
603286,SHSE.603286,,SH,A股-上交所,2025-09-05,30.1,30.9,29.85,30.65,30.2,4627411,140856460.44,1.4901,4.0094,1,0,none,baostock,query_history_k_data_plus
603286,SHSE.603286,,SH,A股-上交所,2025-09-08,30.81,33.72,30.8,33.72,30.65,11727291,391547791.52,10.0163,10.161,1,0,none,baostock,query_history_k_data_plus
603286,SHSE.603286,,SH,A股-上交所,2025-09-09,34.29,35.74,33.88,35.0,33.72,19506309,679117908.21,3.796,16.901,1,0,none,baostock,query_history_k_data_plus
603286,SHSE.603286,,SH,A股-上交所,2025-09-10,34.99,36.63,34.92,35.25,35.0,13817600,493818634.46,0.7143,11.9721,1,0,none,baostock,query_history_k_data_plus
603286,SHSE.603286,,SH,A股-上交所,2025-09-11,35.35,36.58,34.6,36.3,35.25,11131900,395619625.73,2.9787,9.6451,1,0,none,baostock,query_history_k_data_plus
603286,SHSE.603286,,SH,A股-上交所,2025-09-12,36.0,36.53,34.81,35.33,36.3,7853400,278764813.0,-2.6722,6.8045,1,0,none,baostock,query_history_k_data_plus
603286,SHSE.603286,,SH,A股-上交所,2025-09-15,35.92,37.37,35.1,35.16,35.33,7719200,278596442.0,-0.4812,6.6882,1,0,none,baostock,query_history_k_data_plus
603286,SHSE.603286,,SH,A股-上交所,2025-09-16,35.4,38.68,35.4,38.68,35.16,13151920,496249602.6,10.0114,11.3953,1,0,none,baostock,query_history_k_data_plus
603286,SHSE.603286,,SH,A股-上交所,2025-09-17,39.07,40.5,39.0,39.55,38.68,17225220,681540055.6,2.2492,14.9246,1,0,none,baostock,query_history_k_data_plus
603286,SHSE.603286,,SH,A股-上交所,2025-09-18,40.33,43.51,40.0,40.68,39.55,23593420,994306543.11,2.8571,20.4423,1,0,none,baostock,query_history_k_data_plus
603286,SHSE.603286,,SH,A股-上交所,2025-09-19,40.55,40.61,38.52,39.03,40.68,14328791,564319301.96,-4.056,12.415,1,0,none,baostock,query_history_k_data_plus
603286,SHSE.603286,,SH,A股-上交所,2025-09-22,39.3,42.93,39.04,42.93,39.03,5959400,249232448.0,9.9923,5.1635,1,0,none,baostock,query_history_k_data_plus
603286,SHSE.603286,,SH,A股-上交所,2025-09-23,44.44,45.0,41.82,42.82,42.93,17580000,756896049.0,-0.2562,15.232,1,0,none,baostock,query_history_k_data_plus
603286,SHSE.603286,,SH,A股-上交所,2025-09-24,43.38,43.49,41.21,42.2,42.82,9209200,388487310.97,-1.4479,7.9792,1,0,none,baostock,query_history_k_data_plus
603286,SHSE.603286,,SH,A股-上交所,2025-09-25,42.0,46.42,41.75,46.42,42.2,5468600,246647619.0,10.0,4.7382,1,0,none,baostock,query_history_k_data_plus
603286,SHSE.603286,,SH,A股-上交所,2025-09-26,45.03,45.12,41.78,41.78,46.42,17398700,748682387.0,-9.9957,15.0749,1,0,none,baostock,query_history_k_data_plus
603286,SHSE.603286,,SH,A股-上交所,2025-09-29,41.0,45.96,41.0,45.96,41.78,12634708,568779391.68,10.0048,10.9472,1,0,none,baostock,query_history_k_data_plus
603286,SHSE.603286,,SH,A股-上交所,2025-09-30,45.79,47.02,44.33,44.39,45.96,15533108,704232502.32,-3.416,13.4585,1,0,none,baostock,query_history_k_data_plus
603286,SHSE.603286,,SH,A股-上交所,2025-10-09,45.0,48.83,43.8,48.83,44.39,10176400,480649210.0,10.0023,8.8172,1,0,none,baostock,query_history_k_data_plus
603286,SHSE.603286,,SH,A股-上交所,2025-10-10,49.94,51.3,47.82,47.91,48.83,17980200,890136358.68,-1.8841,15.5788,1,0,none,baostock,query_history_k_data_plus
603286,SHSE.603286,,SH,A股-上交所,2025-10-13,43.12,45.0,43.12,43.8,47.91,13331909,581613691.08,-8.5786,11.5513,1,0,none,baostock,query_history_k_data_plus
603286,SHSE.603286,,SH,A股-上交所,2025-10-14,45.37,45.37,41.33,41.52,43.8,10014820,428171804.97,-5.2055,8.6772,1,0,none,baostock,query_history_k_data_plus
603286,SHSE.603286,,SH,A股-上交所,2025-10-15,42.2,45.67,41.71,45.67,41.52,11601413,512633654.7,9.9952,10.0519,1,0,none,baostock,query_history_k_data_plus
603286,SHSE.603286,,SH,A股-上交所,2025-10-16,45.2,46.5,44.56,44.9,45.67,9956100,451688374.0,-1.686,8.6264,1,0,none,baostock,query_history_k_data_plus
603286,SHSE.603286,,SH,A股-上交所,2025-10-17,44.67,45.0,43.17,43.2,44.9,6055800,265193766.0,-3.7862,5.247,1,0,none,baostock,query_history_k_data_plus
603286,SHSE.603286,,SH,A股-上交所,2025-10-20,44.5,45.11,41.68,42.89,43.2,8554200,369608240.0,-0.7176,7.4117,1,0,none,baostock,query_history_k_data_plus
603286,SHSE.603286,,SH,A股-上交所,2025-10-21,42.81,42.88,41.5,42.06,42.89,7501200,315564021.0,-1.9352,6.4993,1,0,none,baostock,query_history_k_data_plus
603286,SHSE.603286,,SH,A股-上交所,2025-10-22,41.96,42.29,40.73,41.48,42.06,5442710,225183551.1,-1.379,4.7158,1,0,none,baostock,query_history_k_data_plus
603286,SHSE.603286,,SH,A股-上交所,2025-10-23,41.0,41.46,39.6,40.15,41.48,6491100,260660153.0,-3.2064,5.6241,1,0,none,baostock,query_history_k_data_plus
603286,SHSE.603286,,SH,A股-上交所,2025-10-24,40.6,42.49,40.6,41.37,40.15,7233800,300323849.0,3.0386,6.2677,1,0,none,baostock,query_history_k_data_plus
603286,SHSE.603286,,SH,A股-上交所,2025-10-27,42.3,42.87,40.98,41.45,41.37,5603300,233340688.0,0.1934,4.8549,1,0,none,baostock,query_history_k_data_plus
603286,SHSE.603286,,SH,A股-上交所,2025-10-28,41.43,42.23,40.9,41.28,41.45,5069800,209773640.0,-0.4101,4.3927,1,0,none,baostock,query_history_k_data_plus
603286,SHSE.603286,,SH,A股-上交所,2025-10-29,40.01,42.55,40.01,41.45,41.28,5907800,244309975.0,0.4118,5.1188,1,0,none,baostock,query_history_k_data_plus
603286,SHSE.603286,,SH,A股-上交所,2025-10-30,41.79,41.79,40.07,40.88,41.45,5033000,205853255.0,-1.3752,4.3608,1,0,none,baostock,query_history_k_data_plus
603286,SHSE.603286,,SH,A股-上交所,2025-10-31,40.78,42.89,40.5,41.73,40.88,8041710,337306734.5,2.0793,6.9677,1,0,none,baostock,query_history_k_data_plus
603286,SHSE.603286,,SH,A股-上交所,2025-11-03,42.5,44.09,41.52,42.08,41.73,9336800,401012013.0,0.8387,8.0898,1,0,none,baostock,query_history_k_data_plus
603286,SHSE.603286,,SH,A股-上交所,2025-11-04,42.07,42.69,39.8,40.3,42.08,7379200,299204328.0,-4.23,6.3936,1,0,none,baostock,query_history_k_data_plus
603286,SHSE.603286,,SH,A股-上交所,2025-11-05,39.5,43.0,39.5,41.97,40.3,8959100,375680244.0,4.1439,7.7625,1,0,none,baostock,query_history_k_data_plus
603286,SHSE.603286,,SH,A股-上交所,2025-11-06,41.7,45.98,41.7,44.95,41.97,12369912,544899742.84,7.1003,10.7178,1,0,none,baostock,query_history_k_data_plus
603286,SHSE.603286,,SH,A股-上交所,2025-11-07,44.84,44.84,42.63,43.22,44.95,7109900,309184829.0,-3.8487,6.1603,1,0,none,baostock,query_history_k_data_plus
603286,SHSE.603286,,SH,A股-上交所,2025-11-10,43.0,43.95,42.6,42.94,43.22,4387500,189126327.0,-0.6478,3.8015,1,0,none,baostock,query_history_k_data_plus
603286,SHSE.603286,,SH,A股-上交所,2025-11-11,43.48,44.9,43.08,44.42,42.94,7076300,313336809.0,3.4467,6.1312,1,0,none,baostock,query_history_k_data_plus
603286,SHSE.603286,,SH,A股-上交所,2025-11-12,44.3,46.66,42.5,43.0,44.42,8676312,384285854.6,-3.1968,7.5175,1,0,none,baostock,query_history_k_data_plus
603286,SHSE.603286,,SH,A股-上交所,2025-11-13,42.81,43.8,41.78,42.66,43.0,5407312,230736740.8,-0.7907,4.6851,1,0,none,baostock,query_history_k_data_plus
603286,SHSE.603286,,SH,A股-上交所,2025-11-14,42.6,44.45,42.0,42.82,42.66,4987000,215442894.0,0.3751,4.3209,1,0,none,baostock,query_history_k_data_plus
603286,SHSE.603286,,SH,A股-上交所,2025-11-17,42.69,42.8,41.55,41.7,42.82,3910600,164118576.0,-2.6156,3.3883,1,0,none,baostock,query_history_k_data_plus
603286,SHSE.603286,,SH,A股-上交所,2025-11-18,41.7,43.37,41.51,42.23,41.7,4810600,203953016.0,1.271,4.1681,1,0,none,baostock,query_history_k_data_plus
603286,SHSE.603286,,SH,A股-上交所,2025-11-19,41.89,42.35,40.92,41.58,42.23,3145500,130728501.0,-1.5392,2.7254,1,0,none,baostock,query_history_k_data_plus
603286,SHSE.603286,,SH,A股-上交所,2025-11-20,41.58,42.24,40.33,40.52,41.58,2815200,115358544.0,-2.5493,2.4392,1,0,none,baostock,query_history_k_data_plus
603286,SHSE.603286,,SH,A股-上交所,2025-11-21,40.28,43.15,39.9,41.7,40.52,8526400,355500432.0,2.9121,7.3876,1,0,none,baostock,query_history_k_data_plus
603286,SHSE.603286,,SH,A股-上交所,2025-11-24,41.69,43.37,41.4,42.72,41.7,5444500,230799101.0,2.446,4.7173,1,0,none,baostock,query_history_k_data_plus
603286,SHSE.603286,,SH,A股-上交所,2025-11-25,43.28,45.45,43.14,44.79,42.72,7991300,355460706.0,4.8455,6.924,1,0,none,baostock,query_history_k_data_plus
603286,SHSE.603286,,SH,A股-上交所,2025-11-26,44.6,49.27,44.0,48.19,44.79,13822226,662595696.82,7.591,11.9761,1,0,none,baostock,query_history_k_data_plus
603286,SHSE.603286,,SH,A股-上交所,2025-11-27,47.74,49.88,47.74,48.34,48.19,9553935,465535891.05,0.3113,8.2779,1,0,none,baostock,query_history_k_data_plus
603286,SHSE.603286,,SH,A股-上交所,2025-11-28,49.2,50.7,47.69,49.93,48.34,10705000,527328918.0,3.2892,9.2752,1,0,none,baostock,query_history_k_data_plus
603286,SHSE.603286,,SH,A股-上交所,2025-12-01,50.0,52.33,49.42,50.88,49.93,8615900,437838510.0,1.9027,7.4652,1,0,none,baostock,query_history_k_data_plus
603286,SHSE.603286,,SH,A股-上交所,2025-12-02,51.2,51.47,49.66,51.18,50.88,6049519,305237937.77,0.5896,5.2415,1,0,none,baostock,query_history_k_data_plus
603286,SHSE.603286,,SH,A股-上交所,2025-12-03,52.88,56.3,52.6,56.3,51.18,13945335,773438130.46,10.0039,12.0828,1,0,none,baostock,query_history_k_data_plus
603286,SHSE.603286,,SH,A股-上交所,2025-12-04,61.88,61.93,53.0,54.1,56.3,25626430,1477377199.3,-3.9076,22.2038,1,0,none,baostock,query_history_k_data_plus
603286,SHSE.603286,,SH,A股-上交所,2025-12-05,52.01,54.76,52.0,53.0,54.1,17241570,912551179.0,-2.0333,14.9388,1,0,none,baostock,query_history_k_data_plus
603286,SHSE.603286,,SH,A股-上交所,2025-12-08,52.56,57.77,51.05,56.59,53.0,15675800,849711855.0,6.7736,13.5821,1,0,none,baostock,query_history_k_data_plus
603286,SHSE.603286,,SH,A股-上交所,2025-12-09,55.03,58.53,55.03,57.3,56.59,8388100,481865460.0,1.2546,7.2678,1,0,none,baostock,query_history_k_data_plus
603286,SHSE.603286,,SH,A股-上交所,2025-12-10,57.3,59.27,56.58,58.06,57.3,6743630,389698793.2,1.3264,5.8429,1,0,none,baostock,query_history_k_data_plus
603286,SHSE.603286,,SH,A股-上交所,2025-12-11,58.28,58.5,56.2,56.35,58.06,6121300,350082266.0,-2.9452,5.3037,1,0,none,baostock,query_history_k_data_plus
603286,SHSE.603286,,SH,A股-上交所,2025-12-12,55.78,56.27,54.32,55.25,56.35,5714500,315507610.0,-1.9521,4.9513,1,0,none,baostock,query_history_k_data_plus
603286,SHSE.603286,,SH,A股-上交所,2025-12-15,54.7,55.31,52.86,54.08,55.25,5538500,299489190.0,-2.1176,4.7988,1,0,none,baostock,query_history_k_data_plus
603286,SHSE.603286,,SH,A股-上交所,2025-12-16,53.69,55.28,51.76,51.97,54.08,4538430,239111345.7,-3.9016,3.9323,1,0,none,baostock,query_history_k_data_plus
603286,SHSE.603286,,SH,A股-上交所,2025-12-17,52.04,56.88,52.04,56.4,51.97,7972910,441935844.6,8.5241,6.908,1,0,none,baostock,query_history_k_data_plus
603286,SHSE.603286,,SH,A股-上交所,2025-12-18,55.48,59.88,55.39,58.08,56.4,7822729,458227385.34,2.9787,6.7779,1,0,none,baostock,query_history_k_data_plus
603286,SHSE.603286,,SH,A股-上交所,2025-12-19,58.08,58.96,56.61,57.11,58.08,5489019,314945108.46,-1.6701,4.7559,1,0,none,baostock,query_history_k_data_plus
603286,SHSE.603286,,SH,A股-上交所,2025-12-22,57.48,60.78,57.0,60.06,57.11,7927300,467695827.0,5.1655,6.8685,1,0,none,baostock,query_history_k_data_plus
603286,SHSE.603286,,SH,A股-上交所,2025-12-23,59.9,59.9,58.08,58.72,60.06,4756600,279433934.0,-2.2311,4.1213,1,0,none,baostock,query_history_k_data_plus
603286,SHSE.603286,,SH,A股-上交所,2025-12-24,58.98,60.05,57.59,58.19,58.72,4272900,250811751.0,-0.9026,3.7022,1,0,none,baostock,query_history_k_data_plus
603286,SHSE.603286,,SH,A股-上交所,2025-12-25,58.35,59.8,57.3,58.68,58.19,5187500,302658875.0,0.8421,4.4947,1,0,none,baostock,query_history_k_data_plus
603286,SHSE.603286,,SH,A股-上交所,2025-12-26,58.68,59.99,58.0,59.5,58.68,5473500,323671913.0,1.3974,4.7425,1,0,none,baostock,query_history_k_data_plus
603286,SHSE.603286,,SH,A股-上交所,2025-12-29,58.88,64.0,58.88,62.75,59.5,7688700,476473229.0,5.4622,6.6618,1,0,none,baostock,query_history_k_data_plus
603286,SHSE.603286,,SH,A股-上交所,2025-12-30,62.0,68.03,61.51,67.15,62.75,10241800,675147315.0,7.012,8.8739,1,0,none,baostock,query_history_k_data_plus
603286,SHSE.603286,,SH,A股-上交所,2025-12-31,67.18,72.0,65.48,69.16,67.15,9985000,691937621.0,2.9933,8.6514,1,0,none,baostock,query_history_k_data_plus
603286,SHSE.603286,,SH,A股-上交所,2026-01-05,68.47,69.49,67.0,67.93,69.16,7227300,493492042.0,-1.7785,6.262,1,0,none,baostock,query_history_k_data_plus
603286,SHSE.603286,,SH,A股-上交所,2026-01-06,68.32,73.0,67.78,71.37,67.93,10003000,706036474.0,5.064,8.667,1,0,none,baostock,query_history_k_data_plus
603286,SHSE.603286,,SH,A股-上交所,2026-01-07,71.0,71.78,68.2,69.81,71.37,6597410,460232590.2,-2.1858,5.7163,1,0,none,baostock,query_history_k_data_plus
603286,SHSE.603286,,SH,A股-上交所,2026-01-08,69.0,69.4,66.42,66.97,69.81,6910700,465586327.8,-4.0682,5.9877,1,0,none,baostock,query_history_k_data_plus
603286,SHSE.603286,,SH,A股-上交所,2026-01-09,66.88,70.09,65.8,69.5,66.97,7137200,488522861.0,3.7778,6.184,1,0,none,baostock,query_history_k_data_plus
603286,SHSE.603286,,SH,A股-上交所,2026-01-12,69.66,75.48,69.66,74.78,69.5,7000300,515744704.0,7.5971,6.0653,1,0,none,baostock,query_history_k_data_plus
603286,SHSE.603286,,SH,A股-上交所,2026-01-13,74.88,76.5,72.47,72.7,74.78,6727800,501849874.0,-2.7815,5.8292,1,0,none,baostock,query_history_k_data_plus
603286,SHSE.603286,,SH,A股-上交所,2026-01-14,73.39,76.99,68.5,69.63,72.7,8833300,634048948.0,-4.2228,7.6535,1,0,none,baostock,query_history_k_data_plus
603286,SHSE.603286,,SH,A股-上交所,2026-01-15,69.63,70.88,67.31,67.91,69.63,5351200,365809090.0,-2.4702,4.6365,1,0,none,baostock,query_history_k_data_plus
603286,SHSE.603286,,SH,A股-上交所,2026-01-16,69.04,73.3,68.01,70.31,67.91,9920700,698264892.0,3.5341,8.5957,1,0,none,baostock,query_history_k_data_plus
603286,SHSE.603286,,SH,A股-上交所,2026-01-19,75.86,77.34,75.86,77.34,70.31,2748408,211876700.07,9.9986,2.3813,1,0,none,baostock,query_history_k_data_plus
603286,SHSE.603286,,SH,A股-上交所,2026-01-20,79.0,83.68,77.35,81.81,77.34,14763509,1190606054.99,5.7797,12.7917,1,0,none,baostock,query_history_k_data_plus
603286,SHSE.603286,,SH,A股-上交所,2026-01-21,78.6,84.79,78.0,81.4,81.81,9862001,805630731.09,-0.5012,8.5448,1,0,none,baostock,query_history_k_data_plus
603286,SHSE.603286,,SH,A股-上交所,2026-01-22,79.36,81.4,78.31,79.62,81.4,5535400,440354206.0,-2.1867,4.7961,1,0,none,baostock,query_history_k_data_plus
603286,SHSE.603286,,SH,A股-上交所,2026-01-23,79.62,81.2,76.67,77.76,79.62,5641200,442672368.79,-2.3361,4.8878,1,0,none,baostock,query_history_k_data_plus
603286,SHSE.603286,,SH,A股-上交所,2026-01-26,78.77,78.77,73.98,74.71,77.76,6155200,463508556.0,-3.9223,5.3331,1,0,none,baostock,query_history_k_data_plus
603286,SHSE.603286,,SH,A股-上交所,2026-01-27,74.3,75.88,73.18,75.39,74.71,5072200,378067841.0,0.9102,4.3948,1,0,none,baostock,query_history_k_data_plus
603286,SHSE.603286,,SH,A股-上交所,2026-01-28,75.06,75.2,70.8,73.05,75.39,5414200,392326017.0,-3.1039,4.6911,1,0,none,baostock,query_history_k_data_plus
603286,SHSE.603286,,SH,A股-上交所,2026-01-29,73.3,75.51,68.28,68.3,73.05,6343700,451198710.0,-6.5024,5.4964,1,0,none,baostock,query_history_k_data_plus
603286,SHSE.603286,,SH,A股-上交所,2026-01-30,68.65,70.17,66.31,68.86,68.3,5583900,380631793.0,0.8199,4.8381,1,0,none,baostock,query_history_k_data_plus
603286,SHSE.603286,,SH,A股-上交所,2026-02-02,69.35,70.0,66.8,66.88,68.86,5268700,359182008.0,-2.8754,4.565,1,0,none,baostock,query_history_k_data_plus
603286,SHSE.603286,,SH,A股-上交所,2026-02-03,67.12,69.12,66.59,68.73,66.88,3635300,247302294.0,2.7661,3.1498,1,0,none,baostock,query_history_k_data_plus
603286,SHSE.603286,,SH,A股-上交所,2026-02-04,68.58,68.99,67.6,68.1,68.73,2976900,203086793.0,-0.9166,2.5793,1,0,none,baostock,query_history_k_data_plus
603286,SHSE.603286,,SH,A股-上交所,2026-02-05,67.69,69.2,66.96,68.61,68.1,2892100,196952823.0,0.7489,2.5058,1,0,none,baostock,query_history_k_data_plus
603286,SHSE.603286,,SH,A股-上交所,2026-02-06,68.62,72.57,67.39,71.19,68.61,7007200,494884598.0,3.7604,6.0713,1,0,none,baostock,query_history_k_data_plus
603286,SHSE.603286,,SH,A股-上交所,2026-02-09,71.31,72.0,68.2,69.83,71.19,6421300,446103865.0,-1.9104,5.5637,1,0,none,baostock,query_history_k_data_plus
603286,SHSE.603286,,SH,A股-上交所,2026-02-10,69.5,73.88,68.88,72.33,69.83,5812306,416053646.1,3.5801,5.036,1,0,none,baostock,query_history_k_data_plus
603286,SHSE.603286,,SH,A股-上交所,2026-02-11,71.58,72.87,70.63,71.06,72.33,3517100,251423386.22,-1.7558,3.0474,1,0,none,baostock,query_history_k_data_plus
603286,SHSE.603286,,SH,A股-上交所,2026-02-12,72.01,76.0,70.7,71.66,71.06,6230400,458617846.0,0.8444,5.3983,1,0,none,baostock,query_history_k_data_plus
603286,SHSE.603286,,SH,A股-上交所,2026-02-13,72.24,72.24,69.0,70.28,71.66,3614607,254931756.57,-1.9258,3.1318,1,0,none,baostock,query_history_k_data_plus
603286,SHSE.603286,,SH,A股-上交所,2026-02-24,70.98,71.18,67.18,69.0,70.28,3161300,218380620.0,-1.8213,2.7391,1,0,none,baostock,query_history_k_data_plus
603286,SHSE.603286,,SH,A股-上交所,2026-02-25,68.98,69.56,67.89,69.05,69.0,2469690,169833068.8,0.0725,2.1398,1,0,none,baostock,query_history_k_data_plus
603286,SHSE.603286,,SH,A股-上交所,2026-02-26,68.58,68.7,66.33,66.71,69.05,4701400,316231170.0,-3.3888,4.0735,1,0,none,baostock,query_history_k_data_plus
603286,SHSE.603286,,SH,A股-上交所,2026-02-27,66.45,67.45,65.7,66.36,66.71,3157313,209195866.39,-0.5247,2.7356,1,0,none,baostock,query_history_k_data_plus
603286,SHSE.603286,,SH,A股-上交所,2026-03-02,62.97,64.49,61.41,61.72,66.36,6721245,419732387.14,-6.9922,5.8236,1,0,none,baostock,query_history_k_data_plus
603286,SHSE.603286,,SH,A股-上交所,2026-03-03,61.56,63.36,60.68,60.77,61.72,3784500,233989874.0,-1.5392,3.279,1,0,none,baostock,query_history_k_data_plus
603286,SHSE.603286,,SH,A股-上交所,2026-03-04,60.2,60.72,57.88,59.15,60.77,5511230,326234988.8,-2.6658,4.7751,1,0,none,baostock,query_history_k_data_plus
603286,SHSE.603286,,SH,A股-上交所,2026-03-05,60.43,60.49,58.0,58.68,59.15,3552230,209523755.3,-0.7946,3.0778,1,0,none,baostock,query_history_k_data_plus
603286,SHSE.603286,,SH,A股-上交所,2026-03-06,58.41,61.8,57.8,60.58,58.68,4478919,270492362.01,3.2379,3.8807,1,0,none,baostock,query_history_k_data_plus
603286,SHSE.603286,,SH,A股-上交所,2026-03-09,58.8,61.62,58.08,61.58,60.58,3230841,193489565.4,1.6507,2.7993,1,0,none,baostock,query_history_k_data_plus
603286,SHSE.603286,,SH,A股-上交所,2026-03-10,63.0,63.78,61.9,63.32,61.58,3990800,250144265.0,2.8256,3.4578,1,0,none,baostock,query_history_k_data_plus
603286,SHSE.603286,,SH,A股-上交所,2026-03-11,63.0,64.42,61.72,61.8,63.32,3730100,235041904.0,-2.4005,3.2319,1,0,none,baostock,query_history_k_data_plus
603286,SHSE.603286,,SH,A股-上交所,2026-03-12,61.88,62.61,60.59,60.98,61.8,1973100,121406825.0,-1.3269,1.7096,1,0,none,baostock,query_history_k_data_plus
603286,SHSE.603286,,SH,A股-上交所,2026-03-13,61.0,61.33,59.54,59.72,60.98,1659798,100001699.94,-2.0663,1.4381,1,0,none,baostock,query_history_k_data_plus
603286,SHSE.603286,,SH,A股-上交所,2026-03-16,59.72,60.35,58.74,59.98,59.72,2039600,121505349.92,0.4354,1.7672,1,0,none,baostock,query_history_k_data_plus
603286,SHSE.603286,,SH,A股-上交所,2026-03-17,60.5,60.67,57.81,57.82,59.98,1680198,98646342.36,-3.6012,1.4558,1,0,none,baostock,query_history_k_data_plus
603286,SHSE.603286,,SH,A股-上交所,2026-03-18,58.0,59.39,57.65,59.26,57.82,1906900,112232551.0,2.4905,1.6522,1,0,none,baostock,query_history_k_data_plus
603286,SHSE.603286,,SH,A股-上交所,2026-03-19,58.58,59.5,56.74,57.08,59.26,2183700,126373505.0,-3.6787,1.892,1,0,none,baostock,query_history_k_data_plus
603286,SHSE.603286,,SH,A股-上交所,2026-03-20,57.66,57.87,55.0,55.33,57.08,2058000,116185067.0,-3.0659,1.7831,1,0,none,baostock,query_history_k_data_plus
603286,SHSE.603286,,SH,A股-上交所,2026-03-23,54.97,56.1,52.01,52.32,55.33,4231400,228734625.0,-5.4401,3.6663,1,0,none,baostock,query_history_k_data_plus
603286,SHSE.603286,,SH,A股-上交所,2026-03-24,53.5,53.96,51.88,53.13,52.32,2924966,154597880.28,1.5482,2.5343,1,0,none,baostock,query_history_k_data_plus
603286,SHSE.603286,,SH,A股-上交所,2026-03-25,53.9,56.88,53.54,56.6,53.13,3887900,215250193.0,6.5312,3.3686,1,0,none,baostock,query_history_k_data_plus
603286,SHSE.603286,,SH,A股-上交所,2026-03-26,56.88,57.85,55.55,55.98,56.6,3009022,170388516.27,-1.0954,2.6071,1,0,none,baostock,query_history_k_data_plus
603286,SHSE.603286,,SH,A股-上交所,2026-03-27,55.0,57.92,55.0,57.55,55.98,2469600,140408129.0,2.8046,2.1398,1,0,none,baostock,query_history_k_data_plus
603286,SHSE.603286,,SH,A股-上交所,2026-03-30,56.5,56.71,54.44,56.09,57.55,4285400,237914734.0,-2.5369,3.713,1,0,none,baostock,query_history_k_data_plus
603286,SHSE.603286,,SH,A股-上交所,2026-03-31,56.5,60.85,55.1,57.69,56.09,4990800,291399555.0,2.8526,4.3242,1,0,none,baostock,query_history_k_data_plus
603286,SHSE.603286,,SH,A股-上交所,2026-04-01,58.78,62.15,58.0,60.95,57.69,5455182,329392519.4,5.6509,4.7266,1,0,none,baostock,query_history_k_data_plus
603286,SHSE.603286,,SH,A股-上交所,2026-04-02,59.8,61.6,58.89,59.5,60.95,3463800,208704918.0,-2.379,3.0012,1,0,none,baostock,query_history_k_data_plus
603286,SHSE.603286,,SH,A股-上交所,2026-04-03,59.52,60.8,58.0,58.18,59.5,2986100,176224287.0,-2.2185,2.5873,1,0,none,baostock,query_history_k_data_plus
603286,SHSE.603286,,SH,A股-上交所,2026-04-07,58.5,60.73,58.31,59.47,58.18,3001782,179189092.36,2.2173,2.6009,1,0,none,baostock,query_history_k_data_plus
603286,SHSE.603286,,SH,A股-上交所,2026-04-08,62.5,63.4,61.08,62.05,59.47,3725800,231368027.94,4.3383,3.2282,1,0,none,baostock,query_history_k_data_plus
603286,SHSE.603286,,SH,A股-上交所,2026-04-09,61.99,62.35,60.61,61.76,62.05,2350003,144231110.56,-0.4674,2.0361,1,0,none,baostock,query_history_k_data_plus
603286,SHSE.603286,,SH,A股-上交所,2026-04-10,62.23,64.84,62.02,62.71,61.76,3233000,204454061.0,1.5382,2.8012,1,0,none,baostock,query_history_k_data_plus
603286,SHSE.603286,,SH,A股-上交所,2026-04-13,61.39,62.68,60.79,60.92,62.71,2633200,161662191.0,-2.8544,2.2815,1,0,none,baostock,query_history_k_data_plus
603286,SHSE.603286,,SH,A股-上交所,2026-04-14,60.94,61.78,60.5,61.62,60.92,2126155,130272432.3,1.149,1.8422,1,0,none,baostock,query_history_k_data_plus
603286,SHSE.603286,,SH,A股-上交所,2026-04-15,61.95,63.2,61.36,61.37,61.62,2628500,164090488.0,-0.4057,2.2774,1,0,none,baostock,query_history_k_data_plus
603286,SHSE.603286,,SH,A股-上交所,2026-04-16,62.56,63.5,60.48,62.26,61.37,3166716,195606894.44,1.4502,2.7438,1,0,none,baostock,query_history_k_data_plus
603286,SHSE.603286,,SH,A股-上交所,2026-04-17,62.28,64.16,61.1,62.93,62.26,3225316,202960020.84,1.0761,2.7945,1,0,none,baostock,query_history_k_data_plus
